0.265094 -0.0113694 0.00558725 0.196372 0.054022 0.000185936 0.022236 
-0.0113694 0.251347 -0.00129966 -0.0370555 0.000201362 0.0485481 -0.00394622 
0.00558725 -0.00129966 0.30403 1.94543 0.0222467 -0.00395897 0.272819 
0.196372 -0.0370555 1.94543 12.5538 0.176383 -0.0400519 1.75676 
0.054022 0.000201362 0.0222467 0.176383 0.0342727 -1.89849e-06 0.0220901 
0.000185936 0.0485481 -0.00395897 -0.0400519 -1.89849e-06 0.0318097 -0.00467136 
0.022236 -0.00394622 0.272819 1.75676 0.0220901 -0.00467136 0.25224 

0.00095096 0.000392121 9.77709e-05 1.37932e-05 3.70379e-06 1.17331e-06 3.23416e-07 

0.000392121 0.000668074 3.13338e-05 5.52774e-05 1.36561e-06 2.03354e-07 3.74256e-07 

9.77709e-05 3.13338e-05 1.2361e-05 0.00012008 3.27003e-07 3.60447e-07 3.46321e-06 

1.37932e-05 5.52774e-05 0.00012008 0.000643756 3.82913e-07 3.09434e-07 3.12975e-06 

3.70379e-06 1.36561e-06 3.27003e-07 3.82913e-07 5.22379e-08 6.28662e-09 2.32472e-08 

1.17331e-06 2.03354e-07 3.60447e-07 3.09434e-07 6.28662e-09 1.3321e-09 1.51663e-10 

3.23416e-07 3.74256e-07 3.46321e-06 3.12975e-06 2.32472e-08 1.51663e-10 3.62037e-07 

