-2,0,0,0,0,0,0
0.694011, -0.0461161, 2.31535e-08, 9.49224e-09, 0.253235, -8.8738e-05, 2.03569e-09
-0.0461161, 0.667946, -4.91983e-05, -4.45531e-11, -0.000113874, 0.232932, -2.39299e-11
2.31535e-08, -4.91983e-05, 12.0765, 7.498, 2.03568e-09, -2.48091e-11, 4.97178
9.49224e-09, -4.45531e-11, 7.498, 6.77079, 2.01178e-09, -2.42881e-11, 4.95081
0.253235, -0.000113874, 2.03568e-09, 2.01178e-09, 0.166846, 1.89018e-05, 1.34739e-09
-8.8738e-05, 0.232932, -2.48091e-11, -2.42881e-11, 1.89018e-05, 0.163573, -1.85048e-11
2.03569e-09, -2.39299e-11, 4.97178, 4.95081, 1.34739e-09, -1.85048e-11, 4.2939
-2,0.10472,0,0,0,0,0
0.760064, -0.00432694, 1.01804, 0.768373, 0.263022, -9.84086e-05, 0.380238
-0.00432694, 0.804545, 0.00204627, -0.00282133, -0.000146657, 0.234329, -0.00185115
1.01804, 0.00204627, 11.5604, 7.06655, 0.380238, -0.00190263, 4.891
0.768373, -0.00282133, 7.06655, 6.38857, 0.403237, -0.00189658, 4.88374
0.263022, -0.000146657, 0.380238, 0.403237, 0.189811, -8.80298e-05, 0.3103
-9.84086e-05, 0.234329, -0.00190263, -0.00189658, -8.80298e-05, 0.166649, -0.00155111
0.380238, -0.00185115, 4.891, 4.88374, 0.3103, -0.00155111, 4.24977
-2,0.20944,0,0,0,0,0
1.20711, 0.0086694, 1.64462, 1.24178, 0.361781, -0.000501723, 0.689963
0.0086694, 0.860512, -0.00555123, -0.00384082, -0.000503991, 0.254184, -0.00331491
1.64462, -0.00555123, 11.8882, 7.48076, 0.689963, -0.00329409, 4.83108
1.24178, -0.00384082, 7.48076, 6.83637, 0.746947, -0.00332131, 4.84639
0.361781, -0.000503991, 0.689963, 0.746947, 0.26348, -0.000381279, 0.597664
-0.000501723, 0.254184, -0.00329409, -0.00332131, -0.000381279, 0.174459, -0.00297156
0.689963, -0.00331491, 4.83108, 4.84639, 0.597664, -0.00297156, 4.12399
-2,0.314159,0,0,0,0,0
1.62443, 0.0631379, 2.34485, 1.81141, 0.510642, -0.000976065, 1.00458
0.0631379, 0.764124, -0.0267314, -0.00589223, -0.00102824, 0.254782, -0.00495707
2.34485, -0.0267314, 11.6198, 7.42445, 1.00458, -0.00496293, 4.61629
1.81141, -0.00589223, 7.42445, 6.8896, 1.10843, -0.00501169, 4.68007
0.510642, -0.00102824, 1.00458, 1.10843, 0.378616, -0.000751195, 0.866734
-0.000976065, 0.254782, -0.00496293, -0.00501169, -0.000751195, 0.186214, -0.00434944
1.00458, -0.00495707, 4.61629, 4.68007, 0.866734, -0.00434944, 3.9093
-2,0.418879,0,0,0,0,0
1.89496, 0.0513519, 3.25508, 2.52094, 0.702559, -0.00166391, 1.31739
0.0513519, 0.737195, -0.0325305, -0.00877696, -0.00163809, 0.28383, -0.00665128
3.25508, -0.0325305, 10.8268, 7.03732, 1.31739, -0.00669628, 4.32416
2.52094, -0.00877696, 7.03732, 6.71759, 1.48183, -0.00677578, 4.46625
0.702559, -0.00163809, 1.31739, 1.48183, 0.53568, -0.00128362, 1.10279
-0.00166391, 0.28383, -0.00669628, -0.00677578, -0.00128362, 0.205266, -0.00553434
1.31739, -0.00665128, 4.32416, 4.46625, 1.10279, -0.00553434, 3.6281
-2,0.523599,0,0,0,0,0
2.40247, 0.0742506, 3.74465, 2.95947, 0.91097, -0.00241888, 1.53326
0.0742506, 0.716314, -0.0550219, -0.0104691, -0.00241099, 0.304942, -0.00781221
3.74465, -0.0550219, 9.88328, 6.46595, 1.53326, -0.0078306, 3.96612
2.95947, -0.0104691, 6.46595, 6.34387, 1.77493, -0.0079713, 4.18273
0.91097, -0.00241099, 1.53326, 1.77493, 0.71913, -0.00193116, 1.27993
-0.00241888, 0.304942, -0.0078306, -0.0079713, -0.00193116, 0.227438, -0.0063808
1.53326, -0.00781221, 3.96612, 4.18273, 1.27993, -0.0063808, 3.29186
-2,0.628319,0,0,0,0,0
2.9278, -0.0535168, 3.87109, 3.13854, 1.13828, -0.00331022, 1.66894
-0.0535168, 1.03587, 0.0249502, -0.0112107, -0.00332121, 0.346347, -0.00854041
3.87109, 0.0249502, 9.00499, 5.85492, 1.66894, -0.00855323, 3.55628
3.13854, -0.0112107, 5.85492, 5.85209, 2.01035, -0.00884411, 3.84265
1.13828, -0.00332121, 1.66894, 2.01035, 0.92186, -0.00262394, 1.39628
-0.00331022, 0.346347, -0.00855323, -0.00884411, -0.00262394, 0.253142, -0.0069118
1.66894, -0.00854041, 3.55628, 3.84265, 1.39628, -0.0069118, 2.91142
-2,0.733038,0,0,0,0,0
3.6543, 0.0243314, 4.3329, 3.74631, 1.40306, -0.00417564, 1.75782
0.0243314, 1.21741, -0.0385576, -0.0123236, -0.00418226, 0.392573, -0.00901301
4.3329, -0.0385576, 8.31027, 5.66348, 1.75782, -0.00896793, 3.14738
3.74631, -0.0123236, 5.66348, 5.98492, 2.23545, -0.00943989, 3.49995
1.40306, -0.00418226, 1.75782, 2.23545, 1.1289, -0.00327063, 1.44938
-0.00417564, 0.392573, -0.00896793, -0.00943989, -0.00327063, 0.281337, -0.00713889
1.75782, -0.00901301, 3.14738, 3.49995, 1.44938, -0.00713889, 2.49492
-2,0.837758,0,0,0,0,0
4.58783, -0.0205233, 4.50213, 4.31491, 1.68212, -0.00494056, 1.7948
-0.0205233, 1.32447, 0.00171034, -0.0140447, -0.00497542, 0.437146, -0.00957424
4.50213, 0.00171034, 7.64191, 5.41263, 1.7948, -0.00958083, 2.6657
4.31491, -0.0140447, 5.41263, 6.11426, 2.43995, -0.010059, 3.10355
1.68212, -0.00497542, 1.7948, 2.43995, 1.3364, -0.00382783, 1.44438
-0.00494056, 0.437146, -0.00958083, -0.010059, -0.00382783, 0.311395, -0.0071004
1.7948, -0.00957424, 2.6657, 3.10355, 1.44438, -0.0071004, 2.04863
-2,0.942478,0,0,0,0,0
5.2719, -0.00555192, 4.50866, 4.66025, 1.95937, -0.00597141, 1.74547
-0.00555192, 1.39606, -0.0177501, -0.0148462, -0.00599641, 0.484304, -0.00918999
4.50866, -0.0177501, 6.63666, 4.85806, 1.74547, -0.00920995, 2.21661
4.66025, -0.0148462, 4.85806, 5.91318, 2.5989, -0.0102188, 2.70254
1.95937, -0.00599641, 1.74547, 2.5989, 1.54035, -0.00435584, 1.37265
-0.00597141, 0.484304, -0.00920995, -0.0102188, -0.00435584, 0.342628, -0.00661119
1.74547, -0.00918999, 2.21661, 2.70254, 1.37265, -0.00661119, 1.62575
-2,1.0472,0,0,0,0,0
6.16634, -0.00426334, 4.47901, 5.20742, 2.2203, -0.00667089, 1.61748
-0.00426334, 1.76258, -0.0241552, -0.0156903, -0.00673365, 0.551053, -0.00869252
4.47901, -0.0241552, 5.36169, 4.27879, 1.61748, -0.00866595, 1.72878
5.20742, -0.0156903, 4.27879, 5.95314, 2.71891, -0.0100865, 2.25433
2.2203, -0.00673365, 1.61748, 2.71891, 1.72174, -0.00473237, 1.24067
-0.00667089, 0.551053, -0.00866595, -0.0100865, -0.00473237, 0.372475, -0.00587035
1.61748, -0.00869252, 1.72878, 2.25433, 1.24067, -0.00587035, 1.21392
-2,1.15192,0,0,0,0,0
6.67104, -0.022136, 3.95513, 5.24964, 2.43034, -0.00732983, 1.41367
-0.022136, 2.06374, 0.010814, -0.0157494, -0.00740282, 0.602417, -0.00767577
3.95513, 0.010814, 4.29242, 3.51181, 1.41367, -0.00766723, 1.27012
5.24964, -0.0157494, 3.51181, 5.55059, 2.7824, -0.0097919, 1.79957
2.43034, -0.00740282, 1.41367, 2.7824, 1.8775, -0.00497703, 1.05885
-0.00732983, 0.602417, -0.00766723, -0.0097919, -0.00497703, 0.398214, -0.00489583
1.41367, -0.00767577, 1.27012, 1.79957, 1.05885, -0.00489583, 0.844246
-2,1.25664,0,0,0,0,0
7.92972, -0.0129814, 3.44583, 6.09258, 2.66139, -0.007686, 1.15459
-0.0129814, 2.40879, -0.013949, -0.0165419, -0.00771143, 0.675501, -0.00631065
3.44583, -0.013949, 3.73226, 3.0276, 1.15459, -0.00633265, 0.885572
6.09258, -0.0165419, 3.0276, 6.07031, 2.87322, -0.00924047, 1.36425
2.66139, -0.00771143, 1.15459, 2.87322, 1.99764, -0.00501845, 0.83101
-0.007686, 0.675501, -0.00633265, -0.00924047, -0.00501845, 0.422095, -0.00369063
1.15459, -0.00631065, 0.885572, 1.36425, 0.83101, -0.00369063, 0.529203
-2,1.36136,0,0,0,0,0
8.3777, -0.0110656, 2.53281, 6.1738, 2.80952, -0.00791387, 0.816947
-0.0110656, 2.678, -0.0260154, -0.0161206, -0.0079288, 0.732001, -0.00467093
2.53281, -0.0260154, 2.77202, 2.11379, 0.816947, -0.00470433, 0.537386
6.1738, -0.0161206, 2.11379, 5.83603, 2.90286, -0.00869413, 0.905462
2.80952, -0.0079288, 0.816947, 2.90286, 2.08814, -0.00500047, 0.571489
-0.00791387, 0.732001, -0.00470433, -0.00869413, -0.00500047, 0.441748, -0.0024762
0.816947, -0.00467093, 0.537386, 0.905462, 0.571489, -0.0024762, 0.289328
-2,1.46608,0,0,0,0,0
8.46696, -0.015209, 1.19395, 5.98951, 2.88938, -0.00796242, 0.407423
-0.015209, 2.73822, -0.00248634, -0.0152864, -0.00797918, 0.771155, -0.00251083
1.19395, -0.00248634, 1.47717, 0.89129, 0.407423, -0.00247255, 0.263203
5.98951, -0.0152864, 0.89129, 5.4306, 2.90179, -0.00815476, 0.430859
2.88938, -0.00797918, 0.407423, 2.90179, 2.14529, -0.00491645, 0.290145
-0.00796242, 0.771155, -0.00247255, -0.00815476, -0.00491645, 0.455507, -0.00119384
0.407423, -0.00251083, 0.263203, 0.430859, 0.290145, -0.00119384, 0.132967
-2,1.5708,0,0,0,0,0
8.70083, -0.0151923, 3.89419e-05, 6.14963, 2.91161, -0.00780762, 2.1247e-06
-0.0151923, 2.96785, 2.101e-05, -0.0151007, -0.00785124, 0.787721, -6.97085e-09
3.89419e-05, 2.101e-05, 1.19105, 3.85725e-05, 2.1247e-06, 2.19858e-09, 0.188318
6.14963, -0.0151007, 3.85725e-05, 5.54303, 2.89768, -0.0077866, 2.13782e-06
2.91161, -0.00785124, 2.1247e-06, 2.89768, 2.16099, -0.00482951, 3.42805e-07
-0.00780762, 0.787721, 2.19858e-09, -0.0077866, -0.00482951, 0.460214, -3.96316e-10
2.1247e-06, -6.97085e-09, 0.188318, 2.13782e-06, 3.42805e-07, -3.96316e-10, 0.0775377
-2,1.67552,0,0,0,0,0
8.46587, -0.0146516, -1.19592, 5.98864, 2.88931, -0.00796231, -0.407414
-0.0146516, 2.73764, 0.0077767, -0.015285, -0.00797908, 0.771155, 0.00251082
-1.19592, 0.0077767, 1.45738, -0.891182, -0.407414, 0.00247254, 0.263202
5.98864, -0.015285, -0.891182, 5.42974, 2.90172, -0.00815465, -0.43085
2.88931, -0.00797908, -0.407414, 2.90172, 2.14529, -0.00491644, -0.290144
-0.00796231, 0.771155, 0.00247254, -0.00815465, -0.00491644, 0.455507, 0.00119384
-0.407414, 0.00251082, 0.263202, -0.43085, -0.290144, 0.00119384, 0.132967
-2,1.78024,0,0,0,0,0
8.37655, -0.014245, -2.53542, 6.17323, 2.80948, -0.00791385, -0.816943
-0.014245, 2.64891, 0.0110447, -0.0161198, -0.00792872, 0.732001, 0.00467092
-2.53542, 0.0110447, 2.7594, -2.11372, -0.816943, 0.00470433, 0.537385
6.17323, -0.0161198, -2.11372, 5.83546, 2.90282, -0.00869411, -0.905457
2.80948, -0.00792872, -0.816943, 2.90282, 2.08814, -0.00500046, -0.571489
-0.00791385, 0.732001, 0.00470433, -0.00869411, -0.00500046, 0.441748, 0.0024762
-0.816943, 0.00467092, 0.537385, -0.905457, -0.571489, 0.0024762, 0.289328
-2,1.88496,0,0,0,0,0
7.93287, -0.00763964, -3.43604, 6.09256, 2.66139, -0.00768601, -1.15459
-0.00763964, 2.46525, 0.030395, -0.0165419, -0.00771142, 0.675501, 0.00631065
-3.43604, 0.030395, 3.76238, -3.02759, -1.15459, 0.00633265, 0.885572
6.09256, -0.0165419, -3.02759, 6.07029, 2.87322, -0.00924048, -1.36425
2.66139, -0.00771142, -1.15459, 2.87322, 1.99764, -0.00501845, -0.83101
-0.00768601, 0.675501, 0.00633265, -0.00924048, -0.00501845, 0.422095, 0.00369063
-1.15459, 0.00631065, 0.885572, -1.36425, -0.83101, 0.00369063, 0.529203
-2,1.98968,0,0,0,0,0
6.67289, 0.00469332, -3.95097, 5.24963, 2.43034, -0.00732984, -1.41367
0.00469332, 2.05544, 0.0494474, -0.0157494, -0.00740282, 0.602417, 0.00767577
-3.95097, 0.0494474, 4.30176, -3.51181, -1.41367, 0.00766723, 1.27012
5.24963, -0.0157494, -3.51181, 5.55059, 2.7824, -0.0097919, -1.79957
2.43034, -0.00740282, -1.41367, 2.7824, 1.8775, -0.00497703, -1.05885
-0.00732984, 0.602417, 0.00766723, -0.0097919, -0.00497703, 0.398214, 0.00489583
-1.41367, 0.00767577, 1.27012, -1.79957, -1.05885, 0.00489583, 0.844246
-2,2.0944,0,0,0,0,0
6.21443, -0.0103891, -4.39573, 5.20741, 2.2203, -0.00667089, -1.61748
-0.0103891, 1.79579, 0.0135441, -0.0156903, -0.00673365, 0.551053, 0.00869252
-4.39573, 0.0135441, 5.50592, -4.27879, -1.61748, 0.00866595, 1.72878
5.20741, -0.0156903, -4.27879, 5.95313, 2.71891, -0.0100865, -2.25433
2.2203, -0.00673365, -1.61748, 2.71891, 1.72174, -0.00473237, -1.24067
-0.00667089, 0.551053, 0.00866595, -0.0100865, -0.00473237, 0.372475, 0.00587035
-1.61748, 0.00869252, 1.72878, -2.25433, -1.24067, 0.00587035, 1.21392
-2,2.19911,0,0,0,0,0
5.29749, 0.0117369, -4.47345, 4.66025, 1.95937, -0.00597141, -1.74547
0.0117369, 1.43992, 0.0415459, -0.0148462, -0.00599641, 0.484304, 0.00918999
-4.47345, 0.0415459, 6.68512, -4.85806, -1.74547, 0.00920995, 2.21661
4.66025, -0.0148462, -4.85806, 5.91318, 2.5989, -0.0102188, -2.70254
1.95937, -0.00599641, -1.74547, 2.5989, 1.54035, -0.00435584, -1.37265
-0.00597141, 0.484304, 0.00920995, -0.0102188, -0.00435584, 0.342628, 0.00661119
-1.74547, 0.00918999, 2.21661, -2.70254, -1.37265, 0.00661119, 1.62575
-2,2.30383,0,0,0,0,0
4.50822, 0.00876846, -4.59054, 4.31491, 1.68212, -0.00494056, -1.7948
0.00876846, 1.30264, 0.030823, -0.0140447, -0.00497542, 0.437146, 0.00957424
-4.59054, 0.030823, 7.54372, -5.41263, -1.7948, 0.00958083, 2.6657
4.31491, -0.0140447, -5.41263, 6.11426, 2.43995, -0.010059, -3.10355
1.68212, -0.00497542, -1.7948, 2.43995, 1.3364, -0.00382783, -1.44438
-0.00494056, 0.437146, 0.00958083, -0.010059, -0.00382783, 0.311395, 0.0071004
-1.7948, 0.00957424, 2.6657, -3.10355, -1.44438, 0.0071004, 2.04863
-2,2.40855,0,0,0,0,0
3.60647, 0.0102948, -4.37597, 3.74631, 1.40306, -0.00417564, -1.75782
0.0102948, 1.08113, 0.0259183, -0.0123236, -0.00418226, 0.392573, 0.009013
-4.37597, 0.0259183, 8.27151, -5.66348, -1.75782, 0.00896793, 3.14738
3.74631, -0.0123236, -5.66348, 5.98492, 2.23545, -0.00943989, -3.49995
1.40306, -0.00418226, -1.75782, 2.23545, 1.1289, -0.00327063, -1.44938
-0.00417564, 0.392573, 0.00896793, -0.00943989, -0.00327063, 0.281337, 0.00713889
-1.75782, 0.009013, 3.14738, -3.49995, -1.44938, 0.00713889, 2.49492
-2,2.51327,0,0,0,0,0
2.81675, 0.0118178, -3.95177, 3.13854, 1.13828, -0.00331022, -1.66894
0.0118178, 0.818952, 0.0225178, -0.0112107, -0.00332121, 0.346347, 0.00854041
-3.95177, 0.0225178, 8.9464, -5.85492, -1.66894, 0.00855323, 3.55628
3.13854, -0.0112107, -5.85492, 5.85209, 2.01035, -0.00884411, -3.84265
1.13828, -0.00332121, -1.66894, 2.01035, 0.92186, -0.00262394, -1.39628
-0.00331022, 0.346347, 0.00855323, -0.00884411, -0.00262394, 0.253142, 0.0069118
-1.66894, 0.00854041, 3.55628, -3.84265, -1.39628, 0.0069118, 2.91142
-2,2.61799,0,0,0,0,0
2.40372, 0.0374898, -3.74392, 2.95947, 0.91097, -0.00241888, -1.53326
0.0374898, 0.74605, 0.0337981, -0.0104691, -0.00241099, 0.304942, 0.00781221
-3.74392, 0.0337981, 9.88371, -6.46595, -1.53326, 0.0078306, 3.96612
2.95947, -0.0104691, -6.46595, 6.34387, 1.77493, -0.0079713, -4.18273
0.91097, -0.00241099, -1.53326, 1.77493, 0.71913, -0.00193116, -1.27993
-0.00241888, 0.304942, 0.0078306, -0.0079713, -0.00193116, 0.227438, 0.0063808
-1.53326, 0.00781221, 3.96612, -4.18273, -1.27993, 0.0063808, 3.29186
-2,2.72271,0,0,0,0,0
2.04038, 0.00123907, -3.19034, 2.52094, 0.702559, -0.00166391, -1.31739
0.00123907, 0.841226, 0.0102187, -0.00877696, -0.00163809, 0.28383, 0.00665128
-3.19034, 0.0102187, 10.8556, -7.03732, -1.31739, 0.00669628, 4.32416
2.52094, -0.00877696, -7.03732, 6.71759, 1.48183, -0.00677578, -4.46625
0.702559, -0.00163809, -1.31739, 1.48183, 0.53568, -0.00128362, -1.10279
-0.00166391, 0.28383, 0.00669628, -0.00677578, -0.00128362, 0.205266, 0.00553434
-1.31739, 0.00665128, 4.32416, -4.46625, -1.10279, 0.00553434, 3.6281
-2,2.82743,0,0,0,0,0
1.55472, -0.0477696, -2.3675, 1.81141, 0.510642, -0.000976066, -1.00458
-0.0477696, 0.614842, -0.00930463, -0.00589223, -0.00102824, 0.254782, 0.00495707
-2.3675, -0.00930463, 11.6124, -7.42445, -1.00458, 0.00496293, 4.61629
1.81141, -0.00589223, -7.42445, 6.8896, 1.10843, -0.00501169, -4.68007
0.510642, -0.00102824, -1.00458, 1.10843, 0.378616, -0.000751195, -0.866734
-0.000976066, 0.254782, 0.00496293, -0.00501169, -0.000751195, 0.186214, 0.00434944
-1.00458, 0.00495707, 4.61629, -4.68007, -0.866734, 0.00434944, 3.9093
-2,2.93215,0,0,0,0,0
1.26114, -0.0236407, -1.63313, 1.24178, 0.361781, -0.000501724, -0.689963
-0.0236407, 0.897977, -0.00109009, -0.00384082, -0.000503991, 0.254184, 0.00331491
-1.63313, -0.00109009, 11.8902, -7.48076, -0.689963, 0.00329409, 4.83108
1.24178, -0.00384082, -7.48076, 6.83637, 0.746947, -0.00332131, -4.84639
0.361781, -0.000503991, -0.689963, 0.746947, 0.26348, -0.000381279, -0.597664
-0.000501724, 0.254184, 0.00329409, -0.00332131, -0.000381279, 0.174459, 0.00297156
-0.689963, 0.00331491, 4.83108, -4.84639, -0.597664, 0.00297156, 4.12399
-2,3.03687,0,0,0,0,0
0.879484, -0.0353476, -1.00549, 0.768373, 0.263022, -9.84088e-05, -0.380238
-0.0353476, 0.75451, -0.000848352, -0.00282133, -0.000146657, 0.234329, 0.00185115
-1.00549, -0.000848352, 11.5688, -7.06655, -0.380238, 0.00190263, 4.891
0.768373, -0.00282133, -7.06655, 6.38857, 0.403237, -0.00189658, -4.88374
0.263022, -0.000146657, -0.380238, 0.403237, 0.189811, -8.80298e-05, -0.3103
-9.84088e-05, 0.234329, 0.00190263, -0.00189658, -8.80298e-05, 0.166649, 0.00155111
-0.380238, 0.00185115, 4.891, -4.88374, -0.3103, 0.00155111, 4.24977
-1.9,0,0,0,0,0,0
0.913584, -0.0102861, -9.312e-09, 9.49154e-09, 0.253261, -0.000111699, 2.03547e-09
-0.0102861, 0.745312, -1.01195e-08, -5.59888e-11, -0.00014334, 0.232959, -2.98446e-11
-9.312e-09, -1.01195e-08, 12.0768, 7.4979, 2.03547e-09, -3.09508e-11, 4.97165
9.49154e-09, -5.59888e-11, 7.4979, 6.77069, 2.01156e-09, -3.05736e-11, 4.95068
0.253261, -0.00014334, 2.03547e-09, 2.01156e-09, 0.166864, 2.37927e-05, 1.34724e-09
-0.000111699, 0.232959, -3.09508e-11, -3.05736e-11, 2.37927e-05, 0.163591, -2.32935e-11
2.03547e-09, -2.98445e-11, 4.97165, 4.95068, 1.34724e-09, -2.32935e-11, 4.29378
-1.9,0.10472,0,0,0,0,0
0.787592, -0.00194376, 1.01514, 0.76836, 0.263047, -0.000123882, 0.38022
-0.00194376, 0.715425, -0.0117807, -0.0035517, -0.000184619, 0.234356, -0.00233032
1.01514, -0.0117807, 11.5788, 7.06644, 0.38022, -0.00239512, 4.89088
0.76836, -0.0035517, 7.06644, 6.38846, 0.403222, -0.0023875, 4.88362
0.263047, -0.000184619, 0.38022, 0.403222, 0.189827, -0.000110816, 0.310283
-0.000123882, 0.234356, -0.00239512, -0.0023875, -0.000110816, 0.166667, -0.0019526
0.38022, -0.00233032, 4.89088, 4.88362, 0.310283, -0.0019526, 4.24964
-1.9,0.20944,0,0,0,0,0
1.09215, -0.0362196, 1.66903, 1.24176, 0.361802, -0.000631591, 0.689931
-0.0362196, 0.804932, 0.00274519, -0.00483515, -0.000634444, 0.254212, -0.00417301
1.66903, 0.00274519, 11.8828, 7.48066, 0.689931, -0.0041468, 4.83096
1.24176, -0.00483515, 7.48066, 6.83628, 0.74692, -0.00418106, 4.84627
0.361802, -0.000634444, 0.689931, 0.74692, 0.263492, -0.000479959, 0.597633
-0.000631591, 0.254212, -0.0041468, -0.00418106, -0.000479959, 0.174477, -0.00374073
0.689931, -0.00417301, 4.83096, 4.84627, 0.597633, -0.00374073, 4.12386
-1.9,0.314159,0,0,0,0,0
1.61088, 0.0503352, 2.34922, 1.81138, 0.510654, -0.0012287, 1.00453
0.0503352, 0.674152, -0.0241809, -0.00741764, -0.00129439, 0.25481, -0.00624026
2.34922, -0.0241809, 11.6185, 7.42435, 1.00453, -0.00624763, 4.61618
1.81138, -0.00741764, 7.42435, 6.88949, 1.10839, -0.006309, 4.67995
0.510654, -0.00129439, 1.00453, 1.10839, 0.37862, -0.000945618, 0.866688
-0.0012287, 0.25481, -0.00624763, -0.006309, -0.000945618, 0.186231, -0.00547525
1.00453, -0.00624026, 4.61618, 4.67995, 0.866688, -0.00547525, 3.90918
-1.9,0.418879,0,0,0,0,0
1.9218, 0.00865906, 3.24309, 2.52091, 0.702561, -0.00209458, 1.31733
0.00865906, 0.794593, -0.0160252, -0.0110492, -0.00206208, 0.283858, -0.008373
3.24309, -0.0160252, 10.8323, 7.03723, 1.31733, -0.00842965, 4.32406
2.52091, -0.0110492, 7.03723, 6.7175, 1.48178, -0.00852971, 4.46613
0.702561, -0.00206208, 1.31733, 1.48178, 0.535674, -0.00161584, 1.10273
-0.00209458, 0.283858, -0.00842965, -0.00852971, -0.00161584, 0.205284, -0.00696682
1.31733, -0.008373, 4.32406, 4.46613, 1.10273, -0.00696682, 3.62799
-1.9,0.523599,0,0,0,0,0
2.46804, 0.00547003, 3.70673, 2.95942, 0.910962, -0.00304498, 1.53318
0.00547003, 0.721912, -0.0184581, -0.0131793, -0.00303504, 0.30497, -0.00983444
3.70673, -0.0184581, 9.90307, 6.46586, 1.53318, -0.0098576, 3.96603
2.95942, -0.0131793, 6.46586, 6.34376, 1.77486, -0.0100347, 4.18262
0.910962, -0.00303504, 1.53318, 1.77486, 0.719113, -0.00243097, 1.27986
-0.00304498, 0.30497, -0.0098576, -0.0100347, -0.00243097, 0.227456, -0.00803237
1.53318, -0.00983444, 3.96603, 4.18262, 1.27986, -0.00803237, 3.29176
-1.9,0.628319,0,0,0,0,0
2.88897, -0.0658201, 3.89924, 3.1385, 1.13826, -0.00416704, 1.66886
-0.0658201, 1.05251, 0.0302818, -0.014113, -0.00418087, 0.346374, -0.0107512
3.89924, 0.0302818, 8.98554, 5.85484, 1.66886, -0.0107673, 3.55619
3.1385, -0.014113, 5.85484, 5.85199, 2.01027, -0.0111334, 3.84254
1.13826, -0.00418087, 1.66886, 2.01027, 0.921831, -0.00330304, 1.3962
-0.00416704, 0.346374, -0.0107673, -0.0111334, -0.00330304, 0.25316, -0.0087008
1.66886, -0.0107512, 3.55619, 3.84254, 1.3962, -0.0087008, 2.91133
-1.9,0.733038,0,0,0,0,0
3.50335, 0.0288561, 4.46872, 3.74624, 1.40303, -0.00525646, 1.75774
0.0288561, 1.13664, -0.0469411, -0.0155139, -0.0052648, 0.392601, -0.0113461
4.46872, -0.0469411, 8.18815, 5.6634, 1.75774, -0.0112893, 3.14731
3.74624, -0.0155139, 5.6634, 5.98481, 2.23536, -0.0118834, 3.49984
1.40303, -0.0052648, 1.75774, 2.23536, 1.12885, -0.0041171, 1.44929
-0.00525646, 0.392601, -0.0112893, -0.0118834, -0.0041171, 0.281354, -0.00898665
1.75774, -0.0113461, 3.14731, 3.49984, 1.44929, -0.00898665, 2.49485
-1.9,0.837758,0,0,0,0,0
4.61829, -0.0172301, 4.4682, 4.31485, 1.68207, -0.00621937, 1.79472
-0.0172301, 1.33241, -0.00740703, -0.0176806, -0.00626326, 0.43717, -0.0120525
4.4682, -0.00740703, 7.6779, 5.41256, 1.79472, -0.0120608, 2.66564
4.31485, -0.0176806, 5.41256, 6.11416, 2.43985, -0.0126628, 3.10345
1.68207, -0.00626326, 1.79472, 2.43985, 1.33634, -0.0048185, 1.4443
-0.00621937, 0.43717, -0.0120608, -0.0126628, -0.0048185, 0.311411, -0.00893817
1.79472, -0.0120525, 2.66564, 3.10345, 1.4443, -0.00893817, 2.04857
-1.9,0.942478,0,0,0,0,0
5.29456, -0.0346252, 4.47735, 4.66018, 1.95931, -0.00751701, 1.74538
-0.0346252, 1.363, 0.015694, -0.0186896, -0.00754847, 0.484329, -0.0115688
4.47735, 0.015694, 6.67953, 4.85799, 1.74538, -0.0115939, 2.21657
4.66018, -0.0186896, 4.85799, 5.91308, 2.5988, -0.0128639, 2.70244
1.95931, -0.00754847, 1.74538, 2.5988, 1.54028, -0.00548314, 1.37257
-0.00751701, 0.484329, -0.0115939, -0.0128639, -0.00548314, 0.342642, -0.00832231
1.74538, -0.0115688, 2.21657, 2.70244, 1.37257, -0.00832231, 1.6257
-1.9,1.0472,0,0,0,0,0
6.17257, -0.0516832, 4.46801, 5.20731, 2.22021, -0.00839751, 1.6174
-0.0516832, 1.7537, 0.049814, -0.0197521, -0.00847652, 0.551074, -0.0109425
4.46801, 0.049814, 5.3807, 4.27871, 1.6174, -0.0109091, 1.72875
5.20731, -0.0197521, 4.27871, 5.953, 2.7188, -0.0126972, 2.25425
2.22021, -0.00847652, 1.6174, 2.7188, 1.72166, -0.0059571, 1.24059
-0.00839751, 0.551074, -0.0109091, -0.0126972, -0.0059571, 0.372486, -0.00738969
1.6174, -0.0109425, 1.72875, 2.25425, 1.24059, -0.00738969, 1.21389
-1.9,1.15192,0,0,0,0,0
6.68132, 0.00473051, 3.93181, 5.24954, 2.43024, -0.00922698, 1.41359
0.00473051, 1.99388, -0.0595991, -0.0198265, -0.00931886, 0.602436, -0.00966257
3.93181, -0.0595991, 4.34641, 3.51176, 1.41359, -0.00965181, 1.27011
5.24954, -0.0198265, 3.51176, 5.55048, 2.78228, -0.0123263, 1.7995
2.43024, -0.00931886, 1.41359, 2.78228, 1.87741, -0.00626505, 1.05878
-0.00922698, 0.602436, -0.00965181, -0.0123263, -0.00626505, 0.398222, -0.00616291
1.41359, -0.00966257, 1.27011, 1.7995, 1.05878, -0.00616291, 0.844231
-1.9,1.25664,0,0,0,0,0
7.92814, -0.018509, 3.45037, 6.09249, 2.66129, -0.00967532, 1.15453
-0.018509, 2.455, -0.0108996, -0.0208241, -0.00970732, 0.675514, -0.00794407
3.45037, -0.0108996, 3.71702, 3.02755, 1.15453, -0.00797176, 0.885577
6.09249, -0.0208241, 3.02755, 6.07021, 2.8731, -0.0116321, 1.3642
2.66129, -0.00970732, 1.15453, 2.8731, 1.99754, -0.00631718, 0.830955
-0.00967532, 0.675514, -0.00797176, -0.0116321, -0.00631718, 0.422099, -0.00464576
1.15453, -0.00794407, 0.885577, 1.3642, 0.830955, -0.00464576, 0.529202
-1.9,1.36136,0,0,0,0,0
8.37967, -0.0135289, 2.52303, 6.1737, 2.8094, -0.00996214, 0.816902
-0.0135289, 2.68222, -0.0346364, -0.0202937, -0.00998094, 0.732008, -0.00587989
2.52303, -0.0346364, 2.81602, 2.11375, 0.816902, -0.00592194, 0.537405
6.1737, -0.0202937, 2.11375, 5.83593, 2.90274, -0.0109444, 0.905421
2.8094, -0.00998094, 0.816902, 2.90274, 2.08804, -0.00629453, 0.571451
-0.00996214, 0.732008, -0.00592194, -0.0109444, -0.00629453, 0.441748, -0.00311701
0.816902, -0.00587989, 0.537405, 0.905421, 0.571451, -0.00311701, 0.28934
-1.9,1.46608,0,0,0,0,0
8.46723, -0.0191878, 1.19054, 5.98943, 2.88926, -0.0100232, 0.407399
-0.0191878, 2.73657, -0.00273891, -0.0192435, -0.0100443, 0.771156, -0.00316068
1.19054, -0.00273891, 1.51011, 0.891273, 0.407399, -0.00311249, 0.263235
5.98943, -0.0192435, 0.891273, 5.43052, 2.90167, -0.0102654, 0.430838
2.88926, -0.0100443, 0.407399, 2.90167, 2.14518, -0.00618877, 0.290125
-0.0100232, 0.771156, -0.00311249, -0.0102654, -0.00618877, 0.455503, -0.00150278
0.407399, -0.00316068, 0.263235, 0.430838, 0.290125, -0.00150278, 0.132989
-1.9,1.5708,0,0,0,0,0
8.70073, -0.0191242, 3.9029e-05, 6.14952, 2.91149, -0.00982839, 2.12446e-06
-0.0191242, 2.96107, -3.80006e-05, -0.0190096, -0.0098833, 0.787718, -8.77428e-09
3.9029e-05, -3.80006e-05, 1.20086, 3.85714e-05, 2.12446e-06, 2.76739e-09, 0.188355
6.14952, -0.0190096, 3.85714e-05, 5.54292, 2.89755, -0.00980193, 2.13757e-06
2.91149, -0.0098833, 2.12446e-06, 2.89755, 2.16088, -0.00607935, 3.42743e-07
-0.00982839, 0.787718, 2.76739e-09, -0.00980193, -0.00607935, 0.460208, -4.98799e-10
2.12446e-06, -8.77428e-09, 0.188355, 2.13757e-06, 3.42743e-07, -4.98799e-10, 0.0775643
-1.9,1.67552,0,0,0,0,0
8.46577, -0.0190183, -1.19598, 5.98856, 2.88919, -0.0100231, -0.407391
-0.0190183, 2.74162, 0.00434871, -0.0192418, -0.0100442, 0.771156, 0.00316066
-1.19598, 0.00434871, 1.45733, -0.891164, -0.407391, 0.00311247, 0.263234
5.98856, -0.0192418, -0.891164, 5.42965, 2.9016, -0.0102652, -0.43083
2.88919, -0.0100442, -0.407391, 2.9016, 2.14518, -0.00618876, -0.290124
-0.0100231, 0.771156, 0.00311247, -0.0102652, -0.00618876, 0.455503, 0.00150278
-0.407391, 0.00316066, 0.263234, -0.43083, -0.290124, 0.00150278, 0.132989
-1.9,1.78024,0,0,0,0,0
8.37831, -0.0178068, -2.52671, 6.17313, 2.80936, -0.00996211, -0.816897
-0.0178068, 2.66392, 0.0144975, -0.0202927, -0.00998084, 0.732008, 0.00587987
-2.52671, 0.0144975, 2.7984, -2.11368, -0.816897, 0.00592194, 0.537404
6.17313, -0.0202927, -2.11368, 5.83536, 2.9027, -0.0109443, -0.905416
2.80936, -0.00998084, -0.816897, 2.9027, 2.08803, -0.00629453, -0.57145
-0.00996211, 0.732008, 0.00592194, -0.0109443, -0.00629453, 0.441748, 0.00311701
-0.816897, 0.00587987, 0.537404, -0.905416, -0.57145, 0.00311701, 0.28934
-1.9,1.88496,0,0,0,0,0
7.92741, -0.0147386, -3.45253, 6.09247, 2.66129, -0.00967534, -1.15453
-0.0147386, 2.44801, 0.0225054, -0.0208241, -0.00970731, 0.675514, 0.00794407
-3.45253, 0.0225054, 3.71036, -3.02755, -1.15453, 0.00797176, 0.885577
6.09247, -0.0208241, -3.02755, 6.07019, 2.8731, -0.0116322, -1.3642
2.66129, -0.00970731, -1.15453, 2.8731, 1.99754, -0.00631718, -0.830955
-0.00967534, 0.675514, 0.00797176, -0.0116322, -0.00631718, 0.422099, 0.00464576
-1.15453, 0.00794407, 0.885577, -1.3642, -0.830955, 0.00464576, 0.529202
-1.9,1.98968,0,0,0,0,0
6.68217, -0.00118801, -3.92988, 5.24954, 2.43024, -0.00922699, -1.41359
-0.00118801, 2.05314, 0.046304, -0.0198265, -0.00931886, 0.602436, 0.00966257
-3.92988, 0.046304, 4.3507, -3.51176, -1.41359, 0.00965181, 1.27011
5.24954, -0.0198265, -3.51176, 5.55048, 2.78228, -0.0123263, -1.7995
2.43024, -0.00931886, -1.41359, 2.78228, 1.87741, -0.00626505, -1.05878
-0.00922699, 0.602436, 0.00965181, -0.0123263, -0.00626505, 0.398222, 0.00616291
-1.41359, 0.00966257, 1.27011, -1.7995, -1.05878, 0.00616291, 0.844231
-1.9,2.0944,0,0,0,0,0
6.19642, -0.0126815, -4.42669, 5.20731, 2.22021, -0.00839751, -1.6174
-0.0126815, 1.7547, 0.0177387, -0.0197521, -0.00847652, 0.551074, 0.0109425
-4.42669, 0.0177387, 5.45226, -4.27871, -1.6174, 0.0109091, 1.72875
5.20731, -0.0197521, -4.27871, 5.953, 2.7188, -0.0126972, -2.25425
2.22021, -0.00847652, -1.6174, 2.7188, 1.72166, -0.0059571, -1.24059
-0.00839751, 0.551074, 0.0109091, -0.0126972, -0.0059571, 0.372486, 0.00738969
-1.6174, 0.0109425, 1.72875, -2.25425, -1.24059, 0.00738969, 1.21389
-1.9,2.19911,0,0,0,0,0
5.27729, -0.0025127, -4.50112, 4.66018, 1.95931, -0.00751701, -1.74538
-0.0025127, 1.47646, 0.0285058, -0.0186896, -0.00754847, 0.484329, 0.0115688
-4.50112, 0.0285058, 6.64682, -4.85799, -1.74538, 0.0115939, 2.21657
4.66018, -0.0186896, -4.85799, 5.91308, 2.5988, -0.0128639, -2.70244
1.95931, -0.00754847, -1.74538, 2.5988, 1.54028, -0.00548314, -1.37257
-0.00751701, 0.484329, 0.0115939, -0.0128639, -0.00548314, 0.342642, 0.00832231
-1.74538, 0.0115688, 2.21657, -2.70244, -1.37257, 0.00832231, 1.6257
-1.9,2.30383,0,0,0,0,0
4.58221, 0.00205202, -4.50827, 4.31485, 1.68207, -0.00621937, -1.79472
0.00205202, 1.49442, 0.0288217, -0.0176806, -0.00626326, 0.43717, 0.0120525
-4.50827, 0.0288217, 7.63343, -5.41256, -1.79472, 0.0120608, 2.66564
4.31485, -0.0176806, -5.41256, 6.11415, 2.43985, -0.0126628, -3.10345
1.68207, -0.00626326, -1.79472, 2.43985, 1.33634, -0.0048185, -1.4443
-0.00621937, 0.43717, 0.0120608, -0.0126628, -0.0048185, 0.311411, 0.00893817
-1.79472, 0.0120525, 2.66564, -3.10345, -1.4443, 0.00893817, 2.04857
-1.9,2.40855,0,0,0,0,0
3.5854, 0.0193534, -4.39483, 3.74624, 1.40303, -0.00525646, -1.75774
0.0193534, 1.177, 0.0383853, -0.0155139, -0.0052648, 0.392601, 0.0113461
-4.39483, 0.0383853, 8.2547, -5.6634, -1.75774, 0.0112893, 3.14731
3.74624, -0.0155139, -5.6634, 5.98481, 2.23536, -0.0118834, -3.49984
1.40303, -0.0052648, -1.75774, 2.23536, 1.12885, -0.0041171, -1.44929
-0.00525646, 0.392601, 0.0112893, -0.0118834, -0.0041171, 0.281354, 0.00898665
-1.75774, 0.0113461, 3.14731, -3.49984, -1.44929, 0.00898665, 2.49485
-1.9,2.51327,0,0,0,0,0
2.8121, -0.0246405, -3.95509, 3.1385, 1.13826, -0.00416704, -1.66886
-0.0246405, 0.978795, -0.00036334, -0.014113, -0.00418087, 0.346374, 0.0107512
-3.95509, -0.00036334, 8.94497, -5.85484, -1.66886, 0.0107673, 3.55619
3.1385, -0.014113, -5.85484, 5.85199, 2.01027, -0.0111334, -3.84254
1.13826, -0.00418087, -1.66886, 2.01027, 0.921831, -0.00330304, -1.3962
-0.00416704, 0.346374, 0.0107673, -0.0111334, -0.00330304, 0.25316, 0.0087008
-1.66886, 0.0107512, 3.55619, -3.84254, -1.3962, 0.0087008, 2.91133
-1.9,2.61799,0,0,0,0,0
2.44386, 0.00251732, -3.72069, 2.95942, 0.910962, -0.00304498, -1.53318
0.00251732, 0.770555, 0.0167534, -0.0131793, -0.00303504, 0.30497, 0.00983444
-3.72069, 0.0167534, 9.89503, -6.46586, -1.53318, 0.0098576, 3.96603
2.95942, -0.0131793, -6.46586, 6.34376, 1.77486, -0.0100347, -4.18262
0.910962, -0.00303504, -1.53318, 1.77486, 0.719113, -0.00243097, -1.27986
-0.00304498, 0.30497, 0.0098576, -0.0100347, -0.00243097, 0.227456, 0.00803237
-1.53318, 0.00983444, 3.96603, -4.18262, -1.27986, 0.00803237, 3.29176
-1.9,2.72271,0,0,0,0,0
2.03282, 0.0428791, -3.19366, 2.52091, 0.702561, -0.00209458, -1.31733
0.0428791, 0.769077, 0.031261, -0.0110492, -0.00206208, 0.283858, 0.008373
-3.19366, 0.031261, 10.8543, -7.03723, -1.31733, 0.00842965, 4.32406
2.52091, -0.0110492, -7.03723, 6.7175, 1.48178, -0.00852971, -4.46613
0.702561, -0.00206208, -1.31733, 1.48178, 0.535674, -0.00161584, -1.10273
-0.00209458, 0.283858, 0.00842965, -0.00852971, -0.00161584, 0.205284, 0.00696682
-1.31733, 0.008373, 4.32406, -4.46613, -1.10273, 0.00696682, 3.62799
-1.9,2.82743,0,0,0,0,0
1.73283, -0.0298511, -2.3096, 1.81138, 0.510654, -0.00122871, -1.00453
-0.0298511, 0.84719, -0.00187311, -0.00741764, -0.00129439, 0.25481, 0.00624026
-2.3096, -0.00187311, 11.6312, -7.42435, -1.00453, 0.00624763, 4.61618
1.81138, -0.00741764, -7.42435, 6.88949, 1.10839, -0.006309, -4.67995
0.510654, -0.00129439, -1.00453, 1.10839, 0.37862, -0.000945618, -0.866688
-0.00122871, 0.25481, 0.00624763, -0.006309, -0.000945618, 0.186231, 0.00547525
-1.00453, 0.00624026, 4.61618, -4.67995, -0.866688, 0.00547525, 3.90918
-1.9,2.93215,0,0,0,0,0
0.926144, 0.0149815, -1.70432, 1.24176, 0.361802, -0.000631591, -0.689931
0.0149815, 0.821254, 0.00813803, -0.00483515, -0.000634444, 0.254212, 0.00417301
-1.70432, 0.00813803, 11.8749, -7.48066, -0.689931, 0.0041468, 4.83096
1.24176, -0.00483515, -7.48066, 6.83628, 0.74692, -0.00418106, -4.84627
0.361802, -0.000634444, -0.689931, 0.74692, 0.263492, -0.000479959, -0.597633
-0.000631591, 0.254212, 0.0041468, -0.00418106, -0.000479959, 0.174477, 0.00374073
-0.689931, 0.00417301, 4.83096, -4.84627, -0.597633, 0.00374073, 4.12386
-1.9,3.03687,0,0,0,0,0
0.804871, -0.0185813, -1.01332, 0.76836, 0.263047, -0.000123882, -0.38022
-0.0185813, 0.696604, 0.00165614, -0.0035517, -0.000184619, 0.234356, 0.00233032
-1.01332, 0.00165614, 11.5693, -7.06644, -0.38022, 0.00239512, 4.89088
0.76836, -0.0035517, -7.06644, 6.38846, 0.403222, -0.0023875, -4.88362
0.263047, -0.000184619, -0.38022, 0.403222, 0.189827, -0.000110816, -0.310283
-0.000123882, 0.234356, 0.00239512, -0.0023875, -0.000110816, 0.166667, 0.0019526
-0.38022, 0.00233032, 4.89088, -4.88362, -0.310283, 0.0019526, 4.24964
-1.8,0,0,0,0,0,0
0.813396, -0.0113139, 9.60536e-09, 9.49034e-09, 0.253302, -0.000140591, 2.03512e-09
-0.0113139, 0.753401, -8.81636e-05, -7.05007e-11, -0.000180419, 0.233002, -3.79674e-11
9.60536e-09, -8.81636e-05, 12.0758, 7.49774, 2.03512e-09, -3.93609e-11, 4.97145
9.49034e-09, -7.05005e-11, 7.49774, 6.77053, 2.01122e-09, -3.84841e-11, 4.95049
0.253302, -0.000180419, 2.03512e-09, 2.01122e-09, 0.166891, 2.99467e-05, 1.34701e-09
-0.000140591, 0.233002, -3.93608e-11, -3.84841e-11, 2.99467e-05, 0.163618, -2.9321e-11
2.03512e-09, -3.79674e-11, 4.97145, 4.95049, 1.34701e-09, -2.93209e-11, 4.29357
-1.8,0.10472,0,0,0,0,0
0.801783, 0.00480318, 1.01362, 0.76834, 0.263088, -0.000155943, 0.380191
0.00480318, 0.703119, -0.00504778, -0.00447104, -0.0002324, 0.234399, -0.00293342
1.01362, -0.00504778, 11.5677, 7.06628, 0.380191, -0.00301498, 4.89069
0.76834, -0.00447104, 7.06628, 6.3883, 0.403198, -0.00300539, 4.88343
0.263088, -0.0002324, 0.380191, 0.403198, 0.189852, -0.000139494, 0.310257
-0.000155943, 0.234399, -0.00301498, -0.00300539, -0.000139494, 0.166694, -0.0024579
0.380191, -0.00293342, 4.89069, 4.88343, 0.310257, -0.0024579, 4.24944
-1.8,0.20944,0,0,0,0,0
1.10907, 0.00141893, 1.6654, 1.24173, 0.361834, -0.000795043, 0.689881
0.00141893, 0.934665, -0.00653168, -0.00608676, -0.000798632, 0.254255, -0.0052531
1.6654, -0.00653168, 11.8821, 7.48052, 0.689881, -0.00522009, 4.83077
1.24173, -0.00608676, 7.48052, 6.83613, 0.746878, -0.00526322, 4.84607
0.361834, -0.000798632, 0.689881, 0.746878, 0.26351, -0.000604148, 0.597584
-0.000795043, 0.254255, -0.00522009, -0.00526322, -0.000604148, 0.174505, -0.00470881
0.689881, -0.0052531, 4.83077, 4.84607, 0.597584, -0.00470881, 4.12366
-1.8,0.314159,0,0,0,0,0
1.66293, -0.00393765, 2.33226, 1.81133, 0.510674, -0.00154667, 1.00446
-0.00393765, 0.673792, -0.00857259, -0.00933779, -0.00162935, 0.254853, -0.00785537
2.33226, -0.00857259, 11.6234, 7.42418, 1.00446, -0.00786465, 4.616
1.81133, -0.00933779, 7.42418, 6.88931, 1.10832, -0.00794189, 4.67975
0.510674, -0.00162935, 1.00446, 1.10832, 0.378628, -0.0011903, 0.866616
-0.00154667, 0.254853, -0.00786465, -0.00794189, -0.0011903, 0.186259, -0.00689219
1.00446, -0.00785537, 4.616, 4.67975, 0.866616, -0.00689219, 3.909
-1.8,0.418879,0,0,0,0,0
2.03815, -0.0900735, 3.19123, 2.52085, 0.702566, -0.00263662, 1.31723
-0.0900735, 0.825089, 0.0247834, -0.0139093, -0.00259571, 0.283901, -0.01054
3.19123, 0.0247834, 10.8568, 7.0371, 1.31723, -0.0106114, 4.32389
2.52085, -0.0139093, 7.0371, 6.71736, 1.48169, -0.0107373, 4.46594
0.702566, -0.00259571, 1.31723, 1.48169, 0.535665, -0.00203394, 1.10264
-0.00263662, 0.283901, -0.0106114, -0.0107373, -0.00203394, 0.205312, -0.00876972
1.31723, -0.01054, 4.32389, 4.46594, 1.10264, -0.00876972, 3.62782
-1.8,0.523599,0,0,0,0,0
2.42726, 0.043382, 3.73018, 2.95934, 0.910949, -0.00383299, 1.53307
0.043382, 0.747657, -0.044307, -0.0165908, -0.00382048, 0.305015, -0.0123797
3.73018, -0.044307, 9.88869, 6.46571, 1.53307, -0.0124089, 3.96588
2.95934, -0.0165908, 6.46571, 6.3436, 1.77476, -0.0126318, 4.18243
0.910949, -0.00382048, 1.53307, 1.77476, 0.719086, -0.00305998, 1.27975
-0.00383299, 0.305015, -0.0124089, -0.0126318, -0.00305998, 0.227485, -0.010111
1.53307, -0.0123797, 3.96588, 4.18243, 1.27975, -0.010111, 3.29159
-1.8,0.628319,0,0,0,0,0
2.88528, -0.074094, 3.90183, 3.13842, 1.13823, -0.00524543, 1.66874
-0.074094, 0.939606, 0.0317537, -0.0177664, -0.00526284, 0.346419, -0.0135337
3.90183, 0.0317537, 8.98116, 5.85471, 1.66874, -0.013554, 3.55606
3.13842, -0.0177664, 5.85471, 5.85184, 2.01016, -0.0140149, 3.84236
1.13823, -0.00526284, 1.66874, 2.01016, 0.921784, -0.00415769, 1.39607
-0.00524543, 0.346419, -0.013554, -0.0140149, -0.00415769, 0.253188, -0.0109524
1.66874, -0.0135337, 3.55606, 3.84236, 1.39607, -0.0109524, 2.91119
-1.8,0.733038,0,0,0,0,0
3.61818, 0.028433, 4.36518, 3.74613, 1.40297, -0.00661678, 1.75761
0.028433, 1.10594, -0.0519862, -0.0195298, -0.00662728, 0.392643, -0.0142826
4.36518, -0.0519862, 8.28188, 5.66326, 1.75761, -0.0142111, 3.1472
3.74613, -0.0195298, 5.66326, 5.98463, 2.23523, -0.0149589, 3.49967
1.40297, -0.00662728, 1.75761, 2.23523, 1.12879, -0.00518235, 1.44916
-0.00661678, 0.392643, -0.0142111, -0.0149589, -0.00518235, 0.281381, -0.0113122
1.75761, -0.0142826, 3.1472, 3.49967, 1.44916, -0.0113122, 2.49473
-1.8,0.837758,0,0,0,0,0
4.56899, 0.0337841, 4.52281, 4.31474, 1.68199, -0.00782887, 1.79458
0.0337841, 1.32747, -0.0709308, -0.0222573, -0.00788411, 0.437209, -0.0151718
4.52281, -0.0709308, 7.61629, 5.41243, 1.79458, -0.0151823, 2.66556
4.31474, -0.0222573, 5.41243, 6.114, 2.4397, -0.0159399, 3.10329
1.68199, -0.00788411, 1.79458, 2.4397, 1.33625, -0.00606522, 1.44416
-0.00782887, 0.437209, -0.0151823, -0.0159399, -0.00606522, 0.311436, -0.0112511
1.79458, -0.0151718, 2.66556, 3.10329, 1.44416, -0.0112511, 2.04847
-1.8,0.942478,0,0,0,0,0
5.27753, 0.0123347, 4.5006, 4.66006, 1.9592, -0.00946225, 1.74524
0.0123347, 1.46673, -0.0572164, -0.0235275, -0.00950184, 0.484368, -0.0145629
4.5006, -0.0572164, 6.64747, 4.85788, 1.74524, -0.0145945, 2.2165
4.66006, -0.0235275, 4.85788, 5.91292, 2.59863, -0.016193, 2.7023
1.9592, -0.00950184, 1.74524, 2.59863, 1.54017, -0.00690178, 1.37244
-0.00946225, 0.484368, -0.0145945, -0.016193, -0.00690178, 0.342664, -0.0104758
1.74524, -0.0145629, 2.2165, 2.7023, 1.37244, -0.0104758, 1.62563
-1.8,1.0472,0,0,0,0,0
6.22044, -0.00649863, 4.38474, 5.20713, 2.22008, -0.0105706, 1.61727
-0.00649863, 1.7986, -0.0387226, -0.0248648, -0.01067, 0.551108, -0.0137744
4.38474, -0.0387226, 5.52607, 4.27858, 1.61727, -0.0137323, 1.72871
5.20713, -0.0248648, 4.27858, 5.95279, 2.71862, -0.015983, 2.25412
2.22008, -0.01067, 1.61727, 2.71862, 1.72153, -0.00749833, 1.24047
-0.0105706, 0.551108, -0.0137323, -0.015983, -0.00749833, 0.372504, -0.00930177
1.61727, -0.0137744, 1.72871, 2.25412, 1.24047, -0.00930177, 1.21384
-1.8,1.15192,0,0,0,0,0
6.65965, -0.039386, 3.98013, 5.2494, 2.43009, -0.0116146, 1.41348
-0.039386, 2.01771, 0.0268141, -0.0249584, -0.0117303, 0.602466, -0.0121631
3.98013, 0.0268141, 4.23798, 3.51166, 1.41348, -0.0121496, 1.2701
5.2494, -0.0249584, 3.51166, 5.55031, 2.7821, -0.0155161, 1.79939
2.43009, -0.0117303, 1.41348, 2.7821, 1.87726, -0.00788592, 1.05867
-0.0116146, 0.602466, -0.0121496, -0.0155161, -0.00788592, 0.398235, -0.00775749
1.41348, -0.0121631, 1.2701, 1.79939, 1.05867, -0.00775749, 0.844206
-1.8,1.25664,0,0,0,0,0
7.93732, -0.0252242, 3.42166, 6.09235, 2.66112, -0.012179, 1.15443
-0.0252242, 2.46266, -0.00780092, -0.0262141, -0.0122192, 0.675535, -0.00999985
3.42166, -0.00780092, 3.80493, 3.02749, 1.15443, -0.0100347, 0.885584
6.09235, -0.0262141, 3.02749, 6.07005, 2.87291, -0.0146422, 1.36411
2.66112, -0.0122192, 1.15443, 2.87291, 1.99737, -0.00795151, 0.830869
-0.012179, 0.675535, -0.0100347, -0.0146422, -0.00795151, 0.422105, -0.00584775
1.15443, -0.00999985, 0.885584, 1.36411, 0.830869, -0.00584775, 0.5292
-1.8,1.36136,0,0,0,0,0
8.37323, -0.0186515, 2.55255, 6.17354, 2.80922, -0.0125399, 0.81683
-0.0186515, 2.65656, -0.035982, -0.0255464, -0.0125636, 0.73202, -0.00740141
2.55255, -0.035982, 2.67889, 2.1137, 0.81683, -0.00745435, 0.537435
6.17354, -0.0255464, 2.1137, 5.83576, 2.90254, -0.0137763, 0.905357
2.80922, -0.0125636, 0.81683, 2.90254, 2.08786, -0.00792298, 0.571389
-0.0125399, 0.73202, -0.00745435, -0.0137763, -0.00792298, 0.441747, -0.00392341
0.81683, -0.00740141, 0.537435, 0.905357, 0.571389, -0.00392341, 0.289358
-1.8,1.46608,0,0,0,0,0
8.46618, -0.0231111, 1.19925, 5.9893, 2.88907, -0.0126168, 0.407361
-0.0231111, 2.74093, -0.0133713, -0.0242243, -0.0126434, 0.771157, -0.0039785
1.19925, -0.0133713, 1.42657, 0.891245, 0.407361, -0.00391784, 0.263286
