-1,0,0,0,0,0,0
4.81013, -0.0436678, 3.08182e-09, 3.03194e-09, 1.29214, -0.048217, 4.05357e-09
-0.0436678, 5.60277, -2.80421e-09, -2.998e-09, -0.046243, 1.11804, -1.74335e-09
3.08182e-09, -2.8042e-09, 8.16678, 8.22729, 4.05357e-09, -1.75297e-09, 7.26944
3.03194e-09, -2.998e-09, 8.22729, 8.22818, 4.01887e-09, -1.74299e-09, 7.27636
1.29214, -0.046243, 4.05357e-09, 4.01887e-09, 0.883923, -0.0365676, 3.53615e-09
-0.048217, 1.11804, -1.75297e-09, -1.74299e-09, -0.0365676, 0.750195, -1.23953e-09
4.05357e-09, -1.74336e-09, 7.26944, 7.27636, 3.53615e-09, -1.23953e-09, 6.59356
-1,0.10472,0,0,0,0,0
4.90318, -0.0497835, 0.310533, 0.867285, 1.35732, -0.057723, 0.636191
-0.0497835, 5.62663, -0.0828355, -0.0905457, -0.0559657, 1.11703, -0.0781917
0.310533, -0.0828355, 8.14032, 8.18303, 0.636191, -0.07678, 7.2044
0.867285, -0.0905457, 8.18303, 8.2299, 0.781009, -0.0833201, 7.23883
1.35732, -0.0559657, 0.636191, 0.781009, 0.944854, -0.0444789, 0.621856
-0.057723, 1.11703, -0.07678, -0.0833201, -0.0444789, 0.752062, -0.07062
0.636191, -0.0781917, 7.2044, 7.23883, 0.621856, -0.07062, 6.53229
-1,0.20944,0,0,0,0,0
5.10403, 0.0431166, 0.571648, 1.71325, 1.56014, -0.0755917, 1.2398
0.0431166, 5.40389, -0.182939, -0.190722, -0.0741518, 1.1017, -0.150757
0.571648, -0.182939, 8.06837, 8.05443, 1.2398, -0.148739, 7.01364
1.71325, -0.190722, 8.05443, 8.23613, 1.54966, -0.163399, 7.12713
1.56014, -0.0741518, 1.2398, 1.54966, 1.1268, -0.0678911, 1.21657
-0.0755917, 1.1017, -0.148739, -0.163399, -0.0678911, 0.756917, -0.137158
1.2398, -0.150757, 7.01364, 7.12713, 1.21657, -0.137158, 6.3512
-1,0.314159,0,0,0,0,0
5.50213, -0.157449, 0.733936, 2.5358, 1.87669, -0.133865, 1.79397
-0.157449, 6.2258, -0.159454, -0.23866, -0.132511, 1.14549, -0.208887
0.733936, -0.159454, 7.97083, 7.8415, 1.79397, -0.206251, 6.7011
2.5358, -0.23866, 7.8415, 8.24353, 2.30436, -0.240763, 6.93907
1.87669, -0.132511, 1.79397, 2.30436, 1.41352, -0.103454, 1.76168
-0.133865, 1.14549, -0.206251, -0.240763, -0.103454, 0.771368, -0.198547
1.79397, -0.208887, 6.7011, 6.93907, 1.76168, -0.198547, 6.0567
-1,0.418879,0,0,0,0,0
5.59333, -0.124321, 1.00378, 3.37067, 2.26285, -0.171376, 2.28381
-0.124321, 5.80412, -0.286079, -0.366512, -0.169876, 1.13013, -0.27651
1.00378, -0.286079, 7.76029, 7.52451, 2.28381, -0.273319, 6.27907
3.37067, -0.366512, 7.52451, 8.24804, 3.03003, -0.323329, 6.68002
2.26285, -0.169876, 2.28381, 3.03003, 1.79697, -0.145775, 2.23062
-0.171376, 1.13013, -0.273319, -0.323329, -0.145775, 0.785004, -0.252861
2.28381, -0.27651, 6.27907, 6.68002, 2.23062, -0.252861, 5.66328
-1,0.523599,0,0,0,0,0
5.62521, -0.312198, 1.29586, 4.15036, 2.74865, -0.248954, 2.67243
-0.312198, 5.77454, -0.282042, -0.469431, -0.247121, 1.16048, -0.3147
1.29586, -0.282042, 7.47781, 7.1461, 2.67243, -0.311098, 5.77251
4.15036, -0.469431, 7.1461, 8.26788, 3.71626, -0.39809, 6.35386
2.74865, -0.247121, 2.67243, 3.71626, 2.26437, -0.200009, 2.60292
-0.248954, 1.16048, -0.311098, -0.39809, -0.200009, 0.812946, -0.295007
2.67243, -0.3147, 5.77251, 6.35386, 2.60292, -0.295007, 5.18693
-1,0.628319,0,0,0,0,0
5.75099, -0.611506, 1.61246, 4.93255, 3.30463, -0.342707, 2.96095
-0.611506, 6.33765, -0.171453, -0.580339, -0.340409, 1.21268, -0.340417
1.61246, -0.171453, 7.03715, 6.66053, 2.96095, -0.336593, 5.18228
4.93255, -0.580339, 6.66053, 8.2926, 4.36885, -0.477742, 5.95486
3.30463, -0.340409, 2.96095, 4.36885, 2.79638, -0.262964, 2.86368
-0.342707, 1.21268, -0.336593, -0.477742, -0.262964, 0.845833, -0.326131
2.96095, -0.340417, 5.18228, 5.95486, 2.86368, -0.326131, 4.64601
-1,0.733038,0,0,0,0,0
5.81037, -0.481028, 1.92061, 5.58493, 3.88838, -0.386626, 3.12782
-0.481028, 5.65701, -0.338695, -0.613975, -0.383838, 1.18874, -0.377747
1.92061, -0.338695, 6.50407, 6.14755, 3.12782, -0.371456, 4.55083
5.58493, -0.613975, 6.14755, 8.31107, 4.95991, -0.537029, 5.49946
3.88838, -0.383838, 3.12782, 4.95991, 3.37187, -0.327297, 2.9982
-0.386626, 1.18874, -0.371456, -0.537029, -0.327297, 0.867749, -0.343637
3.12782, -0.377747, 4.55083, 5.49946, 2.9982, -0.343637, 4.0665
-1,0.837758,0,0,0,0,0
6.27992, -0.599055, 1.83683, 6.18047, 4.51849, -0.485605, 3.131
-0.599055, 5.45011, -0.431618, -0.699682, -0.482356, 1.22821, -0.353329
1.83683, -0.431618, 6.23879, 5.58343, 3.131, -0.345129, 3.93567
6.18047, -0.699682, 5.58343, 8.33496, 5.48875, -0.591456, 4.98598
4.51849, -0.482356, 3.131, 5.48875, 3.96003, -0.398664, 3.00326
-0.485605, 1.22821, -0.345129, -0.591456, -0.398664, 0.898962, -0.340359
3.131, -0.353329, 3.93567, 4.98598, 3.00326, -0.340359, 3.47069
-1,0.942478,0,0,0,0,0
6.62231, -0.755253, 1.84489, 6.74049, 5.10849, -0.552071, 3.04379
-0.755253, 6.46101, -0.368804, -0.745346, -0.548282, 1.28184, -0.351119
1.84489, -0.368804, 5.72448, 4.89964, 3.04379, -0.34339, 3.26667
6.74049, -0.745346, 4.89964, 8.33925, 5.95953, -0.645908, 4.40803
5.10849, -0.548282, 3.04379, 5.95953, 4.5333, -0.462637, 2.88241
-0.552071, 1.28184, -0.34339, -0.645908, -0.462637, 0.922304, -0.330888
3.04379, -0.351119, 3.26667, 4.40803, 2.88241, -0.330888, 2.87826
-1,1.0472,0,0,0,0,0
6.9944, -0.997365, 1.7634, 7.254, 5.68229, -0.639124, 2.79872
-0.997365, 7.23011, -0.148941, -0.864167, -0.634231, 1.35844, -0.302054
1.7634, -0.148941, 5.12665, 4.14232, 2.79872, -0.297271, 2.67335
7.254, -0.864167, 4.14232, 8.35951, 6.35935, -0.69845, 3.78442
5.68229, -0.634231, 2.79872, 6.35935, 5.07303, -0.526394, 2.63002
-0.639124, 1.35844, -0.297271, -0.69845, -0.526394, 0.950664, -0.301358
2.79872, -0.302054, 2.67335, 3.78442, 2.63002, -0.301358, 2.33059
-1,1.15192,0,0,0,0,0
7.19846, -0.843623, 1.81523, 7.64555, 6.19514, -0.686178, 2.43023
-0.843623, 6.4157, -0.390772, -0.88754, -0.680009, 1.37092, -0.278143
1.81523, -0.390772, 4.15778, 3.4128, 2.43023, -0.275585, 2.15052
7.64555, -0.88754, 3.4128, 8.37877, 6.68799, -0.734751, 3.11562
6.19514, -0.680009, 2.43023, 6.68799, 5.55574, -0.582831, 2.25785
-0.686178, 1.37092, -0.275585, -0.734751, -0.582831, 0.970808, -0.258851
2.43023, -0.278143, 2.15052, 3.11562, 2.25785, -0.258851, 1.84735
-1,1.25664,0,0,0,0,0
7.55291, -1.05946, 1.41044, 7.96193, 6.62326, -0.750009, 1.9482
-1.05946, 7.83738, 0.186775, -0.919411, -0.742675, 1.47488, -0.184613
1.41044, 0.186775, 3.94171, 2.61697, 1.9482, -0.182665, 1.72369
7.96193, -0.919411, 2.61697, 8.38686, 6.9418, -0.764892, 2.40188
6.62326, -0.742675, 1.9482, 6.9418, 5.95387, -0.62925, 1.79029
-0.750009, 1.47488, -0.182665, -0.764892, -0.62925, 0.992306, -0.205084
1.9482, -0.184613, 1.72369, 2.40188, 1.79029, -0.205084, 1.43622
-1,1.36136,0,0,0,0,0
7.80084, -1.02226, 1.09645, 8.20893, 6.95029, -0.786319, 1.3654
-1.02226, 7.87312, 0.0355674, -0.96456, -0.777961, 1.54247, -0.130322
1.09645, 0.0355674, 3.03619, 1.74555, 1.3654, -0.128752, 1.43021
8.20893, -0.96456, 1.74555, 8.39823, 7.12345, -0.790395, 1.64416
6.95029, -0.777961, 1.3654, 7.12345, 6.25293, -0.664444, 1.23975
-0.786319, 1.54247, -0.128752, -0.790395, -0.664444, 1.00588, -0.141796
1.3654, -0.130322, 1.43021, 1.64416, 1.23975, -0.141796, 1.13532
-1,1.46608,0,0,0,0,0
7.97609, -1.07829, 0.610121, 8.35113, 7.15338, -0.808335, 0.71083
-1.07829, 9.60524, 0.363177, -1.00642, -0.799255, 1.63518, -0.0629356
0.610121, 0.363177, 2.43654, 0.883112, 0.71083, -0.0620245, 1.31717
8.35113, -1.00642, 0.883112, 8.40335, 7.22994, -0.804402, 0.850322
7.15338, -0.799255, 0.71083, 7.22994, 6.43803, -0.685783, 0.63416
-0.808335, 1.63518, -0.0620245, -0.804402, -0.685783, 1.01409, -0.0732391
0.71083, -0.0629356, 1.31717, 0.850322, 0.63416, -0.0732391, 0.947388
-1,1.5708,0,0,0,0,0
8.04337, -1.05274, -2.13194e-06, 8.39973, 7.22337, -0.815457, -3.11432e-06
-1.05274, 10.1374, 8.90142e-07, -1.02457, -0.806114, 1.68166, 1.12599e-06
-2.13194e-06, 8.90142e-07, 5.55377, -2.13024e-06, -3.11432e-06, 1.12599e-06, 1.53674
8.39973, -1.02457, -2.13024e-06, 8.40535, 7.26491, -0.809293, -3.11384e-06
7.22337, -0.806114, -3.11432e-06, 7.26491, 6.5007, -0.693073, -4.042e-06
-0.815457, 1.68166, 1.12599e-06, -0.809293, -0.693073, 1.01678, 1.30348e-06
-3.11432e-06, 1.12599e-06, 1.53674, -3.11384e-06, -4.042e-06, 1.30348e-06, 0.884097
-1,1.67552,0,0,0,0,0
7.97609, -1.07829, -0.610125, 8.35113, 7.15338, -0.808335, -0.710836
-1.07829, 9.60524, -0.363175, -1.00642, -0.799255, 1.63518, 0.0629379
-0.610125, -0.363175, 2.43654, -0.883117, -0.710836, 0.0620267, 1.31717
8.35113, -1.00642, -0.883117, 8.40336, 7.22994, -0.804402, -0.850328
7.15338, -0.799255, -0.710836, 7.22994, 6.43803, -0.685783, -0.634168
-0.808335, 1.63518, 0.0620267, -0.804402, -0.685783, 1.01409, 0.0732417
-0.710836, 0.0629379, 1.31717, -0.850328, -0.634168, 0.0732417, 0.947388
-1,1.78024,0,0,0,0,0
7.80084, -1.02225, -1.09645, 8.20893, 6.95029, -0.786319, -1.3654
-1.02225, 7.87312, -0.0355655, -0.96456, -0.777961, 1.54247, 0.130325
-1.09645, -0.0355655, 3.03619, -1.74556, -1.3654, 0.128754, 1.43021
8.20893, -0.96456, -1.74556, 8.39823, 7.12345, -0.790395, -1.64416
6.95029, -0.777961, -1.3654, 7.12345, 6.25293, -0.664445, -1.23976
-0.786319, 1.54247, 0.128754, -0.790395, -0.664445, 1.00588, 0.141798
-1.3654, 0.130325, 1.43021, -1.64416, -1.23976, 0.141798, 1.13532
-1,1.88496,0,0,0,0,0
7.55291, -1.05946, -1.41044, 7.96193, 6.62326, -0.750009, -1.94821
-1.05946, 7.83738, -0.186773, -0.919411, -0.742675, 1.47488, 0.184615
-1.41044, -0.186773, 3.94171, -2.61697, -1.94821, 0.182668, 1.72369
7.96193, -0.919411, -2.61697, 8.38686, 6.9418, -0.764893, -2.40188
6.62326, -0.742675, -1.94821, 6.9418, 5.95387, -0.629251, -1.7903
-0.750009, 1.47488, 0.182668, -0.764893, -0.629251, 0.992306, 0.205087
-1.94821, 0.184615, 1.72369, -2.40188, -1.7903, 0.205087, 1.43622
-1,1.98968,0,0,0,0,0
7.19846, -0.843623, -1.81524, 7.64556, 6.19514, -0.686178, -2.43024
-0.843623, 6.4157, 0.390774, -0.88754, -0.680009, 1.37092, 0.278145
-1.81524, 0.390774, 4.15778, -3.4128, -2.43024, 0.275587, 2.15052
7.64556, -0.88754, -3.4128, 8.37877, 6.688, -0.734752, -3.11563
6.19514, -0.680009, -2.43024, 6.688, 5.55574, -0.582832, -2.25786
-0.686178, 1.37092, 0.275587, -0.734752, -0.582832, 0.970808, 0.258853
-2.43024, 0.278145, 2.15052, -3.11563, -2.25786, 0.258853, 1.84735
-1,2.0944,0,0,0,0,0
6.9944, -0.997364, -1.7634, 7.254, 5.68229, -0.639125, -2.79872
-0.997364, 7.23011, 0.148944, -0.864167, -0.634231, 1.35844, 0.302056
-1.7634, 0.148944, 5.12665, -4.14232, -2.79872, 0.297274, 2.67335
7.254, -0.864167, -4.14232, 8.35951, 6.35935, -0.698451, -3.78442
5.68229, -0.634231, -2.79872, 6.35935, 5.07304, -0.526396, -2.63003
-0.639125, 1.35844, 0.297274, -0.698451, -0.526396, 0.950664, 0.301361
-2.79872, 0.302056, 2.67335, -3.78442, -2.63003, 0.301361, 2.33059
-1,2.19911,0,0,0,0,0
6.62231, -0.755251, -1.84489, 6.7405, 5.10849, -0.552072, -3.0438
-0.755251, 6.46101, 0.368806, -0.745346, -0.548282, 1.28184, 0.351121
-1.84489, 0.368806, 5.72448, -4.89964, -3.0438, 0.343392, 3.26667
6.7405, -0.745346, -4.89964, 8.33926, 5.95954, -0.64591, -4.40803
5.10849, -0.548282, -3.0438, 5.95954, 4.53331, -0.462639, -2.88241
-0.552072, 1.28184, 0.343392, -0.64591, -0.462639, 0.922304, 0.33089
-3.0438, 0.351121, 3.26667, -4.40803, -2.88241, 0.33089, 2.87826
-1,2.30383,0,0,0,0,0
6.27992, -0.599054, -1.83683, 6.18048, 4.51849, -0.485605, -3.131
-0.599054, 5.45011, 0.431621, -0.699683, -0.482357, 1.2282, 0.353331
-1.83683, 0.431621, 6.23879, -5.58344, -3.131, 0.345131, 3.93567
6.18048, -0.699683, -5.58344, 8.33496, 5.48876, -0.591457, -4.98599
4.51849, -0.482357, -3.131, 5.48876, 3.96004, -0.398666, -3.00326
-0.485605, 1.2282, 0.345131, -0.591457, -0.398666, 0.898962, 0.340361
-3.131, 0.353331, 3.93567, -4.98599, -3.00326, 0.340361, 3.47069
-1,2.40855,0,0,0,0,0
5.81037, -0.481025, -1.92061, 5.58494, 3.88839, -0.386626, -3.12783
-0.481025, 5.657, 0.338698, -0.613975, -0.383838, 1.18874, 0.377749
-1.92061, 0.338698, 6.50407, -6.14755, -3.12783, 0.371458, 4.55083
5.58494, -0.613975, -6.14755, 8.31108, 4.95991, -0.537031, -5.49946
3.88839, -0.383838, -3.12783, 4.95991, 3.37188, -0.3273, -2.9982
-0.386626, 1.18874, 0.371458, -0.537031, -0.3273, 0.86775, 0.343638
-3.12783, 0.377749, 4.55083, -5.49946, -2.9982, 0.343638, 4.0665
-1,2.51327,0,0,0,0,0
5.751, -0.611503, -1.61246, 4.93255, 3.30464, -0.342708, -2.96095
-0.611503, 6.33764, 0.171456, -0.58034, -0.34041, 1.21267, 0.340419
-1.61246, 0.171456, 7.03715, -6.66053, -2.96095, 0.336594, 5.18228
4.93255, -0.58034, -6.66053, 8.2926, 4.36886, -0.477744, -5.95486
3.30464, -0.34041, -2.96095, 4.36886, 2.79638, -0.262967, -2.86368
-0.342708, 1.21267, 0.336594, -0.477744, -0.262967, 0.845833, 0.326132
-2.96095, 0.340419, 5.18228, -5.95486, -2.86368, 0.326132, 4.64601
-1,2.61799,0,0,0,0,0
5.62521, -0.312195, -1.29587, 4.15037, 2.74865, -0.248956, -2.67244
-0.312195, 5.77453, 0.282045, -0.469432, -0.247123, 1.16048, 0.314701
-1.29587, 0.282045, 7.47781, -7.1461, -2.67244, 0.3111, 5.77251
4.15037, -0.469432, -7.1461, 8.26789, 3.71626, -0.398093, -6.35386
2.74865, -0.247123, -2.67244, 3.71626, 2.26438, -0.200012, -2.60293
-0.248956, 1.16048, 0.3111, -0.398093, -0.200012, 0.812947, 0.295008
-2.67244, 0.314701, 5.77251, -6.35386, -2.60293, 0.295008, 5.18693
-1,2.72271,0,0,0,0,0
5.59335, -0.12432, -1.00378, 3.37068, 2.26286, -0.171381, -2.28381
-0.12432, 5.8041, 0.286082, -0.366515, -0.169881, 1.13013, 0.276512
-1.00378, 0.286082, 7.76029, -7.52451, -2.28381, 0.273321, 6.27907
3.37068, -0.366515, -7.52451, 8.24805, 3.03003, -0.323332, -6.68002
2.26286, -0.169881, -2.28381, 3.03003, 1.79698, -0.145778, -2.23062
-0.171381, 1.13013, 0.273321, -0.323332, -0.145778, 0.785005, 0.252862
-2.28381, 0.276512, 6.27907, -6.68002, -2.23062, 0.252862, 5.66328
-1,2.82743,0,0,0,0,0
5.50213, -0.157461, -0.733938, 2.53581, 1.8767, -0.133871, -1.79397
-0.157461, 6.22567, 0.159456, -0.238666, -0.132517, 1.14549, 0.208888
-0.733938, 0.159456, 7.97083, -7.8415, -1.79397, 0.206251, 6.7011
2.53581, -0.238666, -7.8415, 8.24353, 2.30436, -0.240766, -6.93907
1.8767, -0.132517, -1.79397, 2.30436, 1.41352, -0.103456, -1.76168
-0.133871, 1.14549, 0.206251, -0.240766, -0.103456, 0.77137, 0.198547
-1.79397, 0.208888, 6.7011, -6.93907, -1.76168, 0.198547, 6.0567
-1,2.93215,0,0,0,0,0
5.10403, 0.0431015, -0.571648, 1.71325, 1.56014, -0.0755956, -1.2398
0.0431015, 5.40394, 0.182941, -0.190726, -0.0741558, 1.1017, 0.150757
-0.571648, 0.182941, 8.06837, -8.05443, -1.2398, 0.14874, 7.01364
1.71325, -0.190726, -8.05443, 8.23613, 1.54966, -0.163401, -7.12713
1.56014, -0.0741558, -1.2398, 1.54966, 1.1268, -0.0678921, -1.21657
-0.0755956, 1.1017, 0.14874, -0.163401, -0.0678921, 0.756918, 0.137158
-1.2398, 0.150757, 7.01364, -7.12713, -1.21657, 0.137158, 6.3512
-1,3.03687,0,0,0,0,0
4.90316, -0.0497755, -0.31053, 0.867281, 1.35732, -0.0577201, -0.636191
-0.0497755, 5.62671, 0.0828346, -0.0905439, -0.0559628, 1.11704, 0.0781914
-0.31053, 0.0828346, 8.14032, -8.18303, -0.636191, 0.0767797, 7.2044
0.867281, -0.0905439, -8.18303, 8.2299, 0.781009, -0.0833195, -7.23883
1.35732, -0.0559628, -0.636191, 0.781009, 0.944854, -0.0444784, -0.621856
-0.0577201, 1.11704, 0.0767797, -0.0833195, -0.0444784, 0.752061, 0.0706199
-0.636191, 0.0781914, 7.2044, -7.23883, -0.621856, 0.0706199, 6.53229
-0.9,0,0,0,0,0,0
5.22497, -0.0700954, 5.91677e-09, 5.57153e-09, 1.27458, -0.0610736, 3.60582e-09
-0.0700954, 5.89006, -8.47946e-09, -6.92215e-09, -0.0605723, 1.11267, -2.64209e-09
5.91677e-09, -8.47946e-09, 8.10518, 8.13639, 3.60582e-09, -2.58594e-09, 7.18956
5.57153e-09, -6.92215e-09, 8.13639, 8.13726, 3.5761e-09, -2.49901e-09, 7.1963
1.27458, -0.0605723, 3.60582e-09, 3.5761e-09, 0.869688, -0.0452082, 3.08055e-09
-0.0610736, 1.11267, -2.58594e-09, -2.49901e-09, -0.0452082, 0.74592, -1.35097e-09
3.60582e-09, -2.64209e-09, 7.18956, 7.1963, 3.08055e-09, -1.35097e-09, 6.52091
-0.9,0.10472,0,0,0,0,0
5.02224, -0.097227, 0.279321, 0.851508, 1.3319, -0.0685067, 0.622597
-0.097227, 6.00839, -0.092906, -0.12346, -0.0679756, 1.11422, -0.0945223
0.279321, -0.092906, 8.07878, 8.09402, 0.622597, -0.0938657, 7.12633
0.851508, -0.12346, 8.09402, 8.13973, 0.764652, -0.102013, 7.15976
1.3319, -0.0679756, 0.622597, 0.764652, 0.929293, -0.0539363, 0.608895
-0.0685067, 1.11422, -0.0938657, -0.102013, -0.0539363, 0.74856, -0.0860073
0.622597, -0.0945223, 7.12633, 7.15976, 0.608895, -0.0860073, 6.46097
-0.9,0.20944,0,0,0,0,0
5.31752, -0.084003, 0.475582, 1.66679, 1.53816, -0.118713, 1.2131
-0.084003, 5.49741, -0.165176, -0.218051, -0.118099, 1.10756, -0.173968
0.475582, -0.165176, 8.02341, 7.97454, 1.2131, -0.172529, 6.94029
1.66679, -0.218051, 7.97454, 8.14835, 1.51866, -0.196219, 7.05013
1.53816, -0.118099, 1.2131, 1.51866, 1.10354, -0.0858906, 1.19282
-0.118713, 1.10756, -0.172529, -0.196219, -0.0858906, 0.760293, -0.166656
1.2131, -0.173968, 6.94029, 7.05013, 1.19282, -0.166656, 6.28315
-0.9,0.314159,0,0,0,0,0
5.88981, -0.206687, 0.573608, 2.50613, 1.81979, -0.17194, 1.76903
-0.206687, 6.28203, -0.213165, -0.318882, -0.171206, 1.12432, -0.257232
0.573608, -0.213165, 7.9333, 7.74543, 1.76903, -0.254828, 6.62899
2.50613, -0.318882, 7.74543, 8.14305, 2.26266, -0.299137, 6.86339
1.81979, -0.171206, 1.76903, 2.26266, 1.37583, -0.125903, 1.72963
-0.17194, 1.12432, -0.254828, -0.299137, -0.125903, 0.771319, -0.243428
1.76903, -0.257232, 6.62899, 6.86339, 1.72963, -0.243428, 5.99382
-0.9,0.418879,0,0,0,0,0
5.5572, -0.295538, 0.948261, 3.30793, 2.18932, -0.229637, 2.25246
-0.295538, 6.15747, -0.298243, -0.452489, -0.228753, 1.12108, -0.330086
0.948261, -0.298243, 7.70943, 7.44584, 2.25246, -0.326584, 6.21674
3.30793, -0.452489, 7.44584, 8.15075, 2.97109, -0.395742, 6.61124
2.18932, -0.228753, 2.25246, 2.97109, 1.74935, -0.178803, 2.19016
-0.229637, 1.12108, -0.326584, -0.395742, -0.178803, 0.790691, -0.308335
2.25246, -0.330086, 6.21674, 6.61124, 2.19016, -0.308335, 5.60775
-0.9,0.523599,0,0,0,0,0
5.89384, -0.478301, 1.04022, 4.06559, 2.67586, -0.310201, 2.63139
-0.478301, 6.56891, -0.285038, -0.548206, -0.309122, 1.18886, -0.380977
1.04022, -0.285038, 7.56713, 7.08357, 2.63139, -0.376395, 5.72127
4.06559, -0.548206, 7.08357, 8.17147, 3.64403, -0.484831, 6.29021
2.67586, -0.309122, 2.63139, 3.64403, 2.20433, -0.241564, 2.55718
-0.310201, 1.18886, -0.376395, -0.484831, -0.241564, 0.824594, -0.361575
2.63139, -0.380977, 5.72127, 6.29021, 2.55718, -0.361575, 5.13869
-0.9,0.628319,0,0,0,0,0
5.85698, -0.656331, 1.41173, 4.83139, 3.20946, -0.394241, 2.92076
-0.656331, 6.78835, -0.366651, -0.701329, -0.392598, 1.23745, -0.436496
1.41173, -0.366651, 7.11875, 6.6121, 2.92076, -0.429209, 5.14225
4.83139, -0.701329, 6.6121, 8.19413, 4.28033, -0.581158, 5.90046
3.20946, -0.392598, 2.92076, 4.28033, 2.72141, -0.313108, 2.81424
-0.394241, 1.23745, -0.429209, -0.581158, -0.313108, 0.860719, -0.402487
2.92076, -0.436496, 5.14225, 5.90046, 2.81424, -0.402487, 4.60741
-0.9,0.733038,0,0,0,0,0
5.94733, -0.510903, 1.69049, 5.50592, 3.80756, -0.471317, 3.07509
-0.510903, 5.82841, -0.629336, -0.766573, -0.469071, 1.20439, -0.474802
1.69049, -0.629336, 6.62668, 6.09828, 3.07509, -0.465877, 4.52967
5.50592, -0.766573, 6.09828, 8.22177, 4.86704, -0.661527, 5.44984
3.80756, -0.469071, 3.07509, 4.86704, 3.28658, -0.39758, 2.94617
-0.471317, 1.20439, -0.465877, -0.661527, -0.39758, 0.892496, -0.421761
3.07509, -0.474802, 4.52967, 5.44984, 2.94617, -0.421761, 4.03757
-0.9,0.837758,0,0,0,0,0
6.35474, -0.846413, 1.57634, 6.06914, 4.41393, -0.590819, 3.09499
-0.846413, 7.00922, -0.368421, -0.789929, -0.588041, 1.30127, -0.434418
1.57634, -0.368421, 6.49531, 5.56578, 3.09499, -0.426053, 3.90762
6.06914, -0.789929, 5.56578, 8.24063, 5.38781, -0.722131, 4.94191
4.41393, -0.588041, 3.09499, 5.38781, 3.85905, -0.481928, 2.9569
-0.590819, 1.30127, -0.426053, -0.722131, -0.481928, 0.931895, -0.421623
3.09499, -0.434418, 3.90762, 4.94191, 2.9569, -0.421623, 3.44424
-0.9,0.942478,0,0,0,0,0
6.62476, -0.822247, 1.64322, 6.64091, 4.99715, -0.668245, 3.01263
-0.822247, 6.5033, -0.522253, -0.902161, -0.664481, 1.31041, -0.440327
1.64322, -0.522253, 5.91829, 4.87407, 3.01263, -0.435469, 3.24449
6.64091, -0.902161, 4.87407, 8.24392, 5.85235, -0.793856, 4.37137
4.99715, -0.664481, 3.01263, 5.85235, 4.42065, -0.561584, 2.83978
-0.668245, 1.31041, -0.435469, -0.793856, -0.561584, 0.95902, -0.409995
3.01263, -0.440327, 3.24449, 4.37137, 2.83978, -0.409995, 2.85879
-0.9,1.0472,0,0,0,0,0
6.89992, -1.06593, 1.64934, 7.138, 5.55541, -0.765029, 2.78415
-1.06593, 7.32145, -0.305334, -1.03853, -0.760207, 1.39936, -0.394525
1.64934, -0.305334, 5.27136, 4.1451, 2.78415, -0.392375, 2.64556
7.138, -1.03853, 4.1451, 8.26067, 6.24356, -0.855795, 3.75892
5.55541, -0.760207, 2.78415, 6.24356, 4.94853, -0.63812, 2.59484
-0.765029, 1.39936, -0.392375, -0.855795, -0.63812, 0.993175, -0.376645
2.78415, -0.394525, 2.64556, 3.75892, 2.59484, -0.376645, 2.31374
-0.9,1.15192,0,0,0,0,0
7.15098, -0.980257, 1.61735, 7.54627, 6.07434, -0.844764, 2.4068
-0.980257, 6.1853, -0.531204, -1.0903, -0.838966, 1.42273, -0.338348
1.61735, -0.531204, 4.545, 3.40541, 2.4068, -0.33708, 2.14982
7.54627, -1.0903, 3.40541, 8.28528, 6.5696, -0.905502, 3.0946
6.07434, -0.838966, 2.4068, 6.5696, 5.42306, -0.710604, 2.22882
-0.844764, 1.42273, -0.33708, -0.905502, -0.710604, 1.02317, -0.320952
2.4068, -0.338348, 2.14982, 3.0946, 2.22882, -0.320952, 1.83419
-0.9,1.25664,0,0,0,0,0
7.44255, -1.2723, 1.33579, 7.86022, 6.49568, -0.916308, 1.9424
-1.2723, 8.70564, 0.171988, -1.14141, -0.909576, 1.5576, -0.244101
1.33579, 0.171988, 4.13601, 2.61461, 1.9424, -0.243005, 1.69192
7.86022, -1.14141, 2.61461, 8.28962, 6.82025, -0.942696, 2.38704
6.49568, -0.909576, 1.9424, 6.82025, 5.81461, -0.767319, 1.76935
-0.916308, 1.5576, -0.243005, -0.942696, -0.767319, 1.04906, -0.257624
1.9424, -0.244101, 1.69192, 2.38704, 1.76935, -0.257624, 1.42149
-0.9,1.36136,0,0,0,0,0
7.68824, -1.25787, 1.01745, 8.11022, 6.82316, -0.966818, 1.36119
-1.25787, 8.63828, 0.0540701, -1.20491, -0.959268, 1.62881, -0.165262
1.01745, 0.0540701, 3.36599, 1.74147, 1.36119, -0.164323, 1.40543
8.11022, -1.20491, 1.74147, 8.30105, 6.99985, -0.975478, 1.63524
6.82316, -0.959268, 1.36119, 6.99985, 6.10927, -0.81177, 1.22622
-0.966818, 1.62881, -0.164323, -0.975478, -0.81177, 1.06733, -0.178118
1.36119, -0.165262, 1.40543, 1.63524, 1.22622, -0.178118, 1.12035
-0.9,1.46608,0,0,0,0,0
7.8493, -1.31305, 0.593563, 8.2522, 7.02657, -0.994312, 0.709966
-1.31305, 10.5234, 0.370201, -1.25289, -0.986194, 1.72389, -0.0857957
0.593563, 0.370201, 2.61236, 0.887109, 0.709966, -0.0852395, 1.28503
8.2522, -1.25289, 0.887109, 8.30561, 7.10537, -0.993019, 0.84629
7.02657, -0.986194, 0.709966, 7.10537, 6.29197, -0.838749, 0.627475
-0.994312, 1.72389, -0.0852395, -0.993019, -0.838749, 1.07754, -0.0923361
0.709966, -0.0857957, 1.28503, 0.84629, 0.627475, -0.0923361, 0.93224
-0.9,1.5708,0,0,0,0,0
7.91613, -1.2915, -1.99128e-06, 8.30175, 7.09689, -1.0043, -2.87318e-06
-1.2915, 10.9288, 1.09441e-06, -1.27714, -0.995979, 1.76991, 1.36065e-06
-1.99128e-06, 1.09441e-06, 5.87724, -1.98947e-06, -2.87318e-06, 1.36065e-06, 1.50863
8.30175, -1.27714, -1.98947e-06, 8.3076, 7.14007, -0.999407, -2.87271e-06
7.09689, -0.995979, -2.87318e-06, 7.14007, 6.35387, -0.848023, -3.68342e-06
-1.0043, 1.76991, 1.36065e-06, -0.999407, -0.848023, 1.08115, 1.54916e-06
-2.87318e-06, 1.36065e-06, 1.50863, -2.87271e-06, -3.68342e-06, 1.54916e-06, 0.868819
-0.9,1.67552,0,0,0,0,0
7.8493, -1.31305, -0.593567, 8.2522, 7.02657, -0.994312, -0.709972
-1.31305, 10.5234, -0.370198, -1.25289, -0.986194, 1.72389, 0.0857984
-0.593567, -0.370198, 2.61236, -0.887113, -0.709972, 0.0852422, 1.28503
8.2522, -1.25289, -0.887113, 8.30561, 7.10538, -0.993019, -0.846295
7.02657, -0.986194, -0.709972, 7.10538, 6.29197, -0.838749, -0.627483
-0.994312, 1.72389, 0.0852422, -0.993019, -0.838749, 1.07754, 0.0923392
-0.709972, 0.0857984, 1.28503, -0.846295, -0.627483, 0.0923392, 0.93224
-0.9,1.78024,0,0,0,0,0
7.68824, -1.25787, -1.01746, 8.11022, 6.82317, -0.966818, -1.3612
-1.25787, 8.63828, -0.0540677, -1.20491, -0.959268, 1.62881, 0.165265
-1.01746, -0.0540677, 3.36599, -1.74148, -1.3612, 0.164326, 1.40543
8.11022, -1.20491, -1.74148, 8.30106, 6.99985, -0.975479, -1.63525
6.82317, -0.959268, -1.3612, 6.99985, 6.10928, -0.811771, -1.22623
-0.966818, 1.62881, 0.164326, -0.975479, -0.811771, 1.06733, 0.178121
-1.3612, 0.165265, 1.40543, -1.63525, -1.22623, 0.178121, 1.12035
-0.9,1.88496,0,0,0,0,0
7.44255, -1.2723, -1.3358, 7.86022, 6.49569, -0.916309, -1.94241
-1.2723, 8.70564, -0.171986, -1.14141, -0.909576, 1.5576, 0.244104
-1.3358, -0.171986, 4.13601, -2.61461, -1.94241, 0.243008, 1.69192
7.86022, -1.14141, -2.61461, 8.28963, 6.82026, -0.942697, -2.38704
6.49569, -0.909576, -1.94241, 6.82026, 5.81461, -0.76732, -1.76936
-0.916309, 1.5576, 0.243008, -0.942697, -0.76732, 1.04906, 0.257627
-1.94241, 0.244104, 1.69192, -2.38704, -1.76936, 0.257627, 1.42149
-0.9,1.98968,0,0,0,0,0
7.15098, -0.980256, -1.61736, 7.54627, 6.07435, -0.844764, -2.40681
-0.980256, 6.1853, 0.531206, -1.0903, -0.838966, 1.42273, 0.338351
-1.61736, 0.531206, 4.545, -3.40541, -2.40681, 0.337083, 2.14982
7.54627, -1.0903, -3.40541, 8.28529, 6.5696, -0.905503, -3.0946
6.07435, -0.838966, -2.40681, 6.5696, 5.42307, -0.710605, -2.22883
-0.844764, 1.42273, 0.337083, -0.905503, -0.710605, 1.02317, 0.320955
-2.40681, 0.338351, 2.14982, -3.0946, -2.22883, 0.320955, 1.83419
-0.9,2.0944,0,0,0,0,0
6.89992, -1.06593, -1.64935, 7.138, 5.55542, -0.76503, -2.78415
-1.06593, 7.32145, 0.305337, -1.03853, -0.760208, 1.39936, 0.394528
-1.64935, 0.305337, 5.27136, -4.14511, -2.78415, 0.392378, 2.64556
7.138, -1.03853, -4.14511, 8.26067, 6.24356, -0.855797, -3.75893
5.55542, -0.760208, -2.78415, 6.24356, 4.94854, -0.638123, -2.59484
-0.76503, 1.39936, 0.392378, -0.855797, -0.638123, 0.993175, 0.376647
-2.78415, 0.394528, 2.64556, -3.75893, -2.59484, 0.376647, 2.31374
-0.9,2.19911,0,0,0,0,0
6.62476, -0.822245, -1.64323, 6.64091, 4.99715, -0.668246, -3.01264
-0.822245, 6.5033, 0.522256, -0.902161, -0.664482, 1.31041, 0.440329
-1.64323, 0.522256, 5.91829, -4.87407, -3.01264, 0.435472, 3.24449
6.64091, -0.902161, -4.87407, 8.24392, 5.85235, -0.793858, -4.37137
4.99715, -0.664482, -3.01264, 5.85235, 4.42066, -0.561587, -2.83978
-0.668246, 1.31041, 0.435472, -0.793858, -0.561587, 0.95902, 0.409998
-3.01264, 0.440329, 3.24449, -4.37137, -2.83978, 0.409998, 2.85879
-0.9,2.30383,0,0,0,0,0
6.35474, -0.846411, -1.57634, 6.06914, 4.41394, -0.59082, -3.09499
-0.846411, 7.00922, 0.368424, -0.78993, -0.588042, 1.30127, 0.43442
-1.57634, 0.368424, 6.49531, -5.56578, -3.09499, 0.426055, 3.90762
6.06914, -0.78993, -5.56578, 8.24063, 5.38782, -0.722134, -4.94192
4.41394, -0.588042, -3.09499, 5.38782, 3.85905, -0.481931, -2.9569
-0.59082, 1.30127, 0.426055, -0.722134, -0.481931, 0.931895, 0.421625
-3.09499, 0.43442, 3.90762, -4.94192, -2.9569, 0.421625, 3.44424
-0.9,2.40855,0,0,0,0,0
5.94733, -0.510901, -1.69049, 5.50592, 3.80757, -0.471318, -3.0751
-0.510901, 5.82841, 0.629339, -0.766574, -0.469073, 1.20439, 0.474804
-1.69049, 0.629339, 6.62668, -6.09828, -3.0751, 0.465879, 4.52967
5.50592, -0.766574, -6.09828, 8.22177, 4.86704, -0.66153, -5.44984
3.80757, -0.469073, -3.0751, 4.86704, 3.28659, -0.397584, -2.94618
-0.471318, 1.20439, 0.465879, -0.66153, -0.397584, 0.892496, 0.421763
-3.0751, 0.474804, 4.52967, -5.44984, -2.94618, 0.421763, 4.03757
-0.9,2.51327,0,0,0,0,0
5.85699, -0.656328, -1.41174, 4.83139, 3.20947, -0.394244, -2.92077
-0.656328, 6.78834, 0.366655, -0.70133, -0.3926, 1.23745, 0.436498
-1.41174, 0.366655, 7.11875, -6.6121, -2.92077, 0.429211, 5.14225
4.83139, -0.70133, -6.6121, 8.19414, 4.28034, -0.581161, -5.90046
3.20947, -0.3926, -2.92077, 4.28034, 2.72141, -0.313112, -2.81425
-0.394244, 1.23745, 0.429211, -0.581161, -0.313112, 0.86072, 0.402489
-2.92077, 0.436498, 5.14225, -5.90046, -2.81425, 0.402489, 4.60741
-0.9,2.61799,0,0,0,0,0
5.89385, -0.478301, -1.04022, 4.0656, 2.67587, -0.310205, -2.6314
-0.478301, 6.5689, 0.285041, -0.548209, -0.309127, 1.18886, 0.380979
-1.04022, 0.285041, 7.56713, -7.08357, -2.6314, 0.376397, 5.72127
4.0656, -0.548209, -7.08357, 8.17148, 3.64403, -0.484834, -6.29021
2.67587, -0.309127, -2.6314, 3.64403, 2.20434, -0.241568, -2.55719
-0.310205, 1.18886, 0.376397, -0.484834, -0.241568, 0.824596, 0.361576
-2.6314, 0.380979, 5.72127, -6.29021, -2.55719, 0.361576, 5.13869
-0.9,2.72271,0,0,0,0,0
5.55723, -0.295553, -0.94826, 3.30794, 2.18933, -0.229647, -2.25246
-0.295553, 6.15744, 0.298245, -0.452497, -0.228763, 1.12109, 0.330087
-0.94826, 0.298245, 7.70943, -7.44584, -2.25246, 0.326585, 6.21674
3.30794, -0.452497, -7.44584, 8.15075, 2.9711, -0.395747, -6.61124
2.18933, -0.228763, -2.25246, 2.9711, 1.74935, -0.178808, -2.19016
-0.229647, 1.12109, 0.326585, -0.395747, -0.178808, 0.790694, 0.308335
-2.25246, 0.330087, 6.21674, -6.61124, -2.19016, 0.308335, 5.60775
-0.9,2.82743,0,0,0,0,0
5.88981, -0.206702, -0.573609, 2.50613, 1.81979, -0.171945, -1.76903
-0.206702, 6.28208, 0.213167, -0.318889, -0.171212, 1.12432, 0.257233
-0.573609, 0.213167, 7.9333, -7.74543, -1.76903, 0.254829, 6.62899
2.50613, -0.318889, -7.74543, 8.14305, 2.26266, -0.29914, -6.86339
1.81979, -0.171212, -1.76903, 2.26266, 1.37583, -0.125905, -1.72963
-0.171945, 1.12432, 0.254829, -0.29914, -0.125905, 0.771322, 0.243428
-1.76903, 0.257233, 6.62899, -6.86339, -1.72963, 0.243428, 5.99382
-0.9,2.93215,0,0,0,0,0
5.31751, -0.0840117, -0.475581, 1.66679, 1.53816, -0.118713, -1.2131
-0.0840117, 5.49748, 0.165177, -0.218054, -0.1181, 1.10757, 0.173968
-0.475581, 0.165177, 8.02341, -7.97454, -1.2131, 0.172529, 6.94029
1.66679, -0.218054, -7.97454, 8.14835, 1.51866, -0.196219, -7.05013
1.53816, -0.1181, -1.2131, 1.51866, 1.10354, -0.0858904, -1.19282
-0.118713, 1.10757, 0.172529, -0.196219, -0.0858904, 0.760294, 0.166656
-1.2131, 0.173968, 6.94029, -7.05013, -1.19282, 0.166656, 6.28315
-0.9,3.03687,0,0,0,0,0
5.02224, -0.0972276, -0.279321, 0.851508, 1.3319, -0.0685067, -0.622597
-0.0972276, 6.00839, 0.092906, -0.12346, -0.0679757, 1.11422, 0.0945223
-0.279321, 0.092906, 8.07878, -8.09402, -0.622597, 0.0938657, 7.12633
0.851508, -0.12346, -8.09402, 8.13973, 0.764652, -0.102013, -7.15976
1.3319, -0.0679757, -0.622597, 0.764652, 0.929293, -0.0539363, -0.608895
-0.0685067, 1.11422, 0.0938657, -0.102013, -0.0539363, 0.748561, 0.0860073
-0.622597, 0.0945223, 7.12633, -7.15976, -0.608895, 0.0860073, 6.46097
-0.8,0,0,0,0,0,0
5.21987, -0.107937, -9.70803e-10, -1.25777e-09, 1.24125, -0.0651384, 2.57299e-09
-0.107937, 6.46683, 1.001e-08, 1.11921e-08, -0.0654901, 1.10766, -5.87282e-10
-9.70803e-10, 1.001e-08, 7.99329, 7.99817, 2.57299e-09, -5.82632e-10, 7.06583
-1.25777e-09, 1.11921e-08, 7.99817, 7.99933, 2.55077e-09, -4.91664e-10, 7.07477
1.24125, -0.0654901, 2.57299e-09, 2.55077e-09, 0.849803, -0.0531908, 2.65418e-09
-0.0651384, 1.10766, -5.82632e-10, -4.91664e-10, -0.0531908, 0.737914, -1.19442e-09
2.57299e-09, -5.87282e-10, 7.06583, 7.07477, 2.65418e-09, -1.19442e-09, 6.41035
-0.8,0.10472,0,0,0,0,0
5.41697, -0.0787052, 0.205631, 0.817951, 1.31461, -0.082095, 0.599476
-0.0787052, 6.25094, -0.125329, -0.14563, -0.0824179, 1.10239, -0.112089
0.205631, -0.125329, 7.97733, 7.95948, 0.599476, -0.110818, 7.00534
0.817951, -0.14563, 7.95948, 8.00271, 0.739693, -0.119896, 7.03927
1.31461, -0.0824179, 0.599476, 0.739693, 0.906425, -0.0663799, 0.58974
-0.082095, 1.10239, -0.110818, -0.119896, -0.0663799, 0.742757, -0.102398
0.599476, -0.112089, 7.00534, 7.03927, 0.58974, -0.102398, 6.35209
-0.8,0.20944,0,0,0,0,0
5.72287, -0.330127, 0.361805, 1.63708, 1.47413, -0.153374, 1.18672
-0.330127, 6.99358, -0.148772, -0.238405, -0.153611, 1.15502, -0.215114
0.361805, -0.148772, 7.92738, 7.83216, 1.18672, -0.212601, 6.81983
1.63708, -0.238405, 7.83216, 8.00321, 1.47926, -0.241876, 6.92919
1.47413, -0.153611, 1.18672, 1.47926, 1.06226, -0.0985715, 1.15901
-0.153374, 1.15502, -0.212601, -0.241876, -0.0985715, 0.760631, -0.202885
1.18672, -0.215114, 6.81983, 6.92919, 1.15901, -0.202885, 6.17841
-0.8,0.314159,0,0,0,0,0
4.86369, -0.417192, 0.851791, 2.45042, 1.70152, -0.204914, 1.73868
-0.417192, 6.20439, -0.27011, -0.419367, -0.205011, 1.12655, -0.317782
0.851791, -0.27011, 7.7312, 7.61628, 1.73868, -0.31411, 6.51907
2.45042, -0.419367, 7.61628, 8.00333, 2.1969, -0.364698, 6.75208
1.70152, -0.205011, 1.73868, 2.1969, 1.3247, -0.14376, 1.6788
-0.204914, 1.12655, -0.31411, -0.364698, -0.14376, 0.777339, -0.294878
1.73868, -0.317782, 6.51907, 6.75208, 1.6788, -0.294878, 5.89867
-0.8,0.418879,0,0,0,0,0
5.11798, -0.487594, 1.03673, 3.20727, 2.08303, -0.282709, 2.20301
-0.487594, 6.13908, -0.334587, -0.544433, -0.282604, 1.14682, -0.393992
1.03673, -0.334587, 7.57957, 7.34284, 2.20301, -0.389326, 6.12249
3.20727, -0.544433, 7.34284, 8.01606, 2.88234, -0.473483, 6.50798
2.08303, -0.282604, 2.20301, 2.88234, 1.68319, -0.208365, 2.12707
-0.282709, 1.14682, -0.389326, -0.473483, -0.208365, 0.806732, -0.372289
2.20301, -0.393992, 6.12249, 6.50798, 2.12707, -0.372289, 5.52265
-0.8,0.523599,0,0,0,0,0
5.76996, -0.605154, 0.98717, 3.95133, 2.53753, -0.360759, 2.5885
-0.605154, 7.03798, -0.42553, -0.653034, -0.359927, 1.19568, -0.472659
0.98717, -0.42553, 7.45603, 6.97456, 2.5885, -0.464374, 5.62874
3.95133, -0.653034, 6.97456, 8.02028, 3.53753, -0.583584, 6.19164
2.53753, -0.359927, 2.5885, 3.53753, 2.11479, -0.280874, 2.48819
-0.360759, 1.19568, -0.464374, -0.583584, -0.280874, 0.837699, -0.439337
2.5885, -0.472659, 5.62874, 6.19164, 2.48819, -0.439337, 5.06359
-0.8,0.628319,0,0,0,0,0
5.91703, -0.640108, 1.18768, 4.68076, 3.07781, -0.444398, 2.85272
-0.640108, 6.83726, -0.660566, -0.845251, -0.443042, 1.24135, -0.545762
1.18768, -0.660566, 7.161, 6.5339, 2.85272, -0.536199, 5.08328
4.68076, -0.845251, 6.5339, 8.04262, 4.14804, -0.694246, 5.81524
3.07781, -0.443042, 2.85272, 4.14804, 2.61261, -0.365373, 2.73755
-0.444398, 1.24135, -0.536199, -0.694246, -0.365373, 0.877876, -0.487935
2.85272, -0.545762, 5.08328, 5.81524, 2.73755, -0.487935, 4.54726
-0.8,0.733038,0,0,0,0,0
6.11744, -0.806991, 1.35317, 5.3695, 3.67659, -0.588715, 2.99234
-0.806991, 6.59644, -0.765008, -1.01012, -0.586891, 1.30366, -0.558727
1.35317, -0.765008, 6.83288, 6.0358, 2.99234, -0.549835, 4.50136
5.3695, -1.01012, 6.0358, 8.08433, 4.71837, -0.800202, 5.3757
3.67659, -0.586891, 2.99234, 4.71837, 3.15404, -0.470473, 2.86849
-0.588715, 1.30366, -0.549835, -0.800202, -0.470473, 0.934833, -0.509228
2.99234, -0.558727, 4.50136, 5.3757, 2.86849, -0.509228, 3.99008
-0.8,0.837758,0,0,0,0,0
6.36351, -0.954772, 1.35711, 5.93867, 4.2594, -0.700195, 3.03866
-0.954772, 7.37369, -0.480439, -0.968907, -0.697424, 1.35501, -0.543578
1.35711, -0.480439, 6.56892, 5.4874, 3.03866, -0.539003, 3.85785
5.93867, -0.968907, 5.4874, 8.09147, 5.23597, -0.878824, 4.86869
4.2594, -0.697424, 3.03866, 5.23597, 3.70679, -0.570308, 2.88435
-0.700195, 1.35501, -0.539003, -0.878824, -0.570308, 0.975953, -0.51677
3.03866, -0.543578, 3.85785, 4.86869, 2.88435, -0.51677, 3.40321
-0.8,0.942478,0,0,0,0,0
6.63934, -1.11109, 1.36569, 6.50302, 4.82706, -0.814868, 2.96402
-1.11109, 7.48712, -0.474923, -1.14283, -0.811312, 1.40439, -0.529594
1.36569, -0.474923, 6.14404, 4.81477, 2.96402, -0.527598, 3.20985
6.50302, -1.14283, 4.81477, 8.09768, 5.68696, -0.967188, 4.31281
4.82706, -0.811312, 2.96402, 5.68696, 4.24844, -0.667664, 2.77384
-0.814868, 1.40439, -0.527598, -0.967188, -0.667664, 1.0164, -0.502121
2.96402, -0.529594, 3.20985, 4.31281, 2.77384, -0.502121, 2.82738
-0.8,1.0472,0,0,0,0,0
6.76901, -1.20091, 1.50859, 6.96867, 5.36801, -0.905678, 2.75176
-1.20091, 8.08128, -0.466604, -1.25452, -0.90138, 1.46573, -0.506966
1.50859, -0.466604, 5.45129, 4.1316, 2.75176, -0.506085, 2.61368
6.96867, -1.25452, 4.1316, 8.10742, 6.06594, -1.03506, 3.71558
5.36801, -0.90138, 2.75176, 6.06594, 4.75961, -0.758282, 2.53777
-0.905678, 1.46573, -0.506085, -1.03506, -0.758282, 1.05372, -0.465444
2.75176, -0.506966, 2.61368, 3.71558, 2.53777, -0.465444, 2.28886
-0.8,1.15192,0,0,0,0,0
7.08297, -1.37302, 1.3591, 7.39461, 5.88442, -1.03612, 2.37531
-1.37302, 6.60987, -0.342256, -1.38273, -1.03107, 1.5694, -0.391359
1.3591, -0.342256, 5.04872, 3.38438, 2.37531, -0.390735, 2.13957
7.39461, -1.38273, 3.38438, 8.13832, 6.38422, -1.10282, 3.06207
5.88442, -1.03107, 2.37531, 6.38422, 5.21874, -0.848437, 2.18406
-1.03612, 1.5694, -0.390735, -1.10282, -0.848437, 1.10365, -0.396018
2.37531, -0.391359, 2.13957, 3.06207, 2.18406, -0.396018, 1.81106
-0.8,1.25664,0,0,0,0,0
7.26926, -1.47764, 1.29439, 7.69923, 6.29957, -1.10092, 1.92967
-1.47764, 9.67814, -0.000673978, -1.39761, -1.09512, 1.66462, -0.332146
1.29439, -0.000673978, 4.23401, 2.61094, 1.92967, -0.331502, 1.65086
7.69923, -1.39761, 2.61094, 8.13552, 6.6308, -1.14641, 2.36255
6.29957, -1.09512, 1.92967, 6.6308, 5.60043, -0.91788, 1.73536
-1.10092, 1.66462, -0.331502, -1.14641, -0.91788, 1.13056, -0.322083
1.92967, -0.332146, 1.65086, 2.36255, 1.73536, -0.322083, 1.40006
-0.8,1.36136,0,0,0,0,0
7.52597, -1.57762, 0.944855, 7.95397, 6.62579, -1.17433, 1.35499
-1.57762, 9.40261, 0.142744, -1.50615, -1.16787, 1.77079, -0.211488
0.944855, 0.142744, 3.66267, 1.73506, 1.35499, -0.210897, 1.36558
7.95397, -1.50615, 1.73506, 8.14704, 6.80652, -1.18904, 1.62111
6.62579, -1.16787, 1.35499, 6.80652, 5.88755, -0.973533, 1.20452
-1.17433, 1.77079, -0.210897, -1.18904, -0.973533, 1.15809, -0.223595
1.35499, -0.211488, 1.36558, 1.62111, 1.20452, -0.223595, 1.09728
-0.8,1.46608,0,0,0,0,0
7.67348, -1.58316, 0.593983, 8.09562, 6.82977, -1.20865, 0.707908
-1.58316, 11.515, 0.200948, -1.54613, -1.20175, 1.8532, -0.121684
0.593983, 0.200948, 2.65661, 0.893469, 0.707908, -0.121326, 1.23952
8.09562, -1.54613, 0.893469, 8.15069, 6.91046, -1.21093, 0.839604
6.82977, -1.20175, 0.707908, 6.91046, 6.06621, -1.00776, 0.616703
-1.20865, 1.8532, -0.121326, -1.21093, -1.00776, 1.17141, -0.116287
0.707908, -0.121684, 1.23952, 0.839604, 0.616703, -0.116287, 0.909207
-0.8,1.5708,0,0,0,0,0
7.7426, -1.58947, -1.76827e-06, 8.14669, 6.90043, -1.22332, -2.50049e-06
-1.58947, 11.6747, 1.32435e-06, -1.58207, -1.21626, 1.90643, 1.59944e-06
-1.76827e-06, 1.32435e-06, 6.153, -1.76637e-06, -2.50049e-06, 1.59944e-06, 1.46598
8.14669, -1.58207, -1.76637e-06, 8.15268, 6.94465, -1.21943, -2.50004e-06
6.90043, -1.21626, -2.50049e-06, 6.94465, 6.12678, -1.01958, -3.14172e-06
-1.22332, 1.90643, 1.59944e-06, -1.21943, -1.01958, 1.17686, 1.77109e-06
-2.50049e-06, 1.59944e-06, 1.46598, -2.50004e-06, -3.14172e-06, 1.77109e-06, 0.845271
-0.8,1.67552,0,0,0,0,0
7.67348, -1.58316, -0.593987, 8.09562, 6.82977, -1.20865, -0.707913
-1.58316, 11.515, -0.200945, -1.54613, -1.20175, 1.8532, 0.121687
-0.593987, -0.200945, 2.65661, -0.893473, -0.707913, 0.12133, 1.23952
8.09562, -1.54613, -0.893473, 8.15069, 6.91047, -1.21093, -0.839609
6.82977, -1.20175, -0.707913, 6.91047, 6.06621, -1.00776, -0.61671
-1.20865, 1.8532, 0.12133, -1.21093, -1.00776, 1.17141, 0.116291
-0.707913, 0.121687, 1.23952, -0.839609, -0.61671, 0.116291, 0.909207
-0.8,1.78024,0,0,0,0,0
7.52597, -1.57762, -0.944859, 7.95398, 6.62579, -1.17433, -1.355
-1.57762, 9.40261, -0.142741, -1.50615, -1.16787, 1.77079, 0.211491
-0.944859, -0.142741, 3.66267, -1.73506, -1.355, 0.2109, 1.36558
7.95398, -1.50615, -1.73506, 8.14704, 6.80652, -1.18904, -1.62111
6.62579, -1.16787, -1.355, 6.80652, 5.88756, -0.973534, -1.20453
-1.17433, 1.77079, 0.2109, -1.18904, -0.973534, 1.15809, 0.223598
-1.355, 0.211491, 1.36558, -1.62111, -1.20453, 0.223598, 1.09728
-0.8,1.88496,0,0,0,0,0
7.26926, -1.47763, -1.29439, 7.69923, 6.29958, -1.10092, -1.92968
-1.47763, 9.67814, 0.000676898, -1.39761, -1.09512, 1.66462, 0.33215
-1.29439, 0.000676898, 4.23401, -2.61094, -1.92968, 0.331505, 1.65086
7.69923, -1.39761, -2.61094, 8.13552, 6.6308, -1.14642, -2.36255
6.29958, -1.09512, -1.92968, 6.6308, 5.60043, -0.917882, -1.73537
-1.10092, 1.66462, 0.331505, -1.14642, -0.917882, 1.13056, 0.322086
-1.92968, 0.33215, 1.65086, -2.36255, -1.73537, 0.322086, 1.40006
-0.8,1.98968,0,0,0,0,0
7.08297, -1.37302, -1.3591, 7.39461, 5.88442, -1.03612, -2.37531
-1.37302, 6.60987, 0.342259, -1.38273, -1.03107, 1.5694, 0.391362
-1.3591, 0.342259, 5.04872, -3.38439, -2.37531, 0.390738, 2.13957
7.39461, -1.38273, -3.38439, 8.13832, 6.38423, -1.10283, -3.06208
5.88442, -1.03107, -2.37531, 6.38423, 5.21875, -0.848439, -2.18407
