-1,0,0,0,0,0,0
5.18107, -0.00621315, 4.02399e-09, 3.99786e-09, 1.20959, -0.000486107, 4.31726e-09
-0.00621315, 5.14872, -2.59994e-09, -2.4587e-09, -0.000479065, 1.20983, -1.99637e-09
4.024e-09, -2.59994e-09, 8.21472, 8.21488, 4.31726e-09, -1.98771e-09, 7.25847
3.99786e-09, -2.4587e-09, 8.21488, 8.21482, 4.31739e-09, -1.98248e-09, 7.25845
1.20959, -0.000479065, 4.31726e-09, 4.31739e-09, 0.821959, -0.000199341, 3.67092e-09
-0.000486107, 1.20983, -1.98771e-09, -1.98248e-09, -0.000199341, 0.820972, -1.31368e-09
4.31726e-09, -1.99637e-09, 7.25847, 7.25845, 3.67092e-09, -1.31368e-09, 6.57195
-1,0.0628319,0,0,0,0,0
5.20137, -0.00938049, 0.178671, 0.505837, 1.2325, -0.00362864, 0.370418
-0.00938049, 5.15143, -0.0556071, -0.0584733, -0.00357044, 1.21029, -0.0492926
0.178671, -0.0556071, 8.20304, 8.19928, 0.370418, -0.0493511, 7.2354
0.505837, -0.0584733, 8.19928, 8.21481, 0.447092, -0.0495746, 7.24437
1.2325, -0.00357044, 0.370418, 0.447092, 0.843678, -0.0028864, 0.352585
-0.00362864, 1.21029, -0.0493511, -0.0495746, -0.0028864, 0.821442, -0.0437352
0.370418, -0.0492926, 7.2354, 7.24437, 0.352585, -0.0437352, 6.54976
-1,0.125664,0,0,0,0,0
5.20631, -0.0208497, 0.35942, 1.0103, 1.30027, -0.012538, 0.735341
-0.0208497, 5.16549, -0.114065, -0.116704, -0.0123966, 1.21177, -0.0982911
0.35942, -0.114065, 8.16873, 8.1524, 0.735341, -0.0982015, 7.16652
1.0103, -0.116704, 8.1524, 8.21469, 0.892544, -0.0990663, 7.20219
1.30027, -0.0123966, 0.735341, 0.892544, 0.908506, -0.0108474, 0.699758
-0.012538, 1.21177, -0.0982015, -0.0990663, -0.0108474, 0.822764, -0.0868321
0.735341, -0.0982911, 7.16652, 7.20219, 0.699758, -0.0868321, 6.4835
-1,0.188496,0,0,0,0,0
5.22244, -0.0374451, 0.540742, 1.51111, 1.41174, -0.0272566, 1.08929
-0.0374451, 5.15913, -0.17261, -0.175678, -0.0270108, 1.2132, -0.145863
0.540742, -0.17261, 8.11119, 8.07436, 1.08929, -0.145658, 7.05284
1.51111, -0.175678, 8.07436, 8.21445, 1.33459, -0.148215, 7.13206
1.41174, -0.0270108, 1.08929, 1.33459, 1.01546, -0.0240147, 1.03619
-0.0272566, 1.2132, -0.145658, -0.148215, -0.0240147, 0.824913, -0.128629
1.08929, -0.145863, 7.05284, 7.13206, 1.03619, -0.128629, 6.37417
-1,0.251327,0,0,0,0,0
5.3329, -0.0546425, 0.699774, 2.00519, 1.56921, -0.0480128, 1.42599
-0.0546425, 5.18986, -0.228816, -0.231508, -0.0477521, 1.21736, -0.191023
0.699774, -0.228816, 8.03846, 7.96615, 1.42599, -0.190691, 6.89623
2.00519, -0.231508, 7.96615, 8.2145, 1.77153, -0.19659, 7.03422
1.56921, -0.0477521, 1.42599, 1.77153, 1.16312, -0.0423149, 1.35668
-0.0480128, 1.21736, -0.190691, -0.19659, -0.0423149, 0.828109, -0.168466
1.42599, -0.191023, 6.89623, 7.03422, 1.35668, -0.168466, 6.22337
-1,0.314159,0,0,0,0,0
5.41509, -0.0884703, 0.861519, 2.49403, 1.76493, -0.0741756, 1.74182
-0.0884703, 5.23645, -0.277424, -0.287915, -0.0739692, 1.22294, -0.233489
0.861519, -0.277424, 7.94403, 7.82639, 1.74182, -0.233226, 6.69845
2.49403, -0.287915, 7.82639, 8.21399, 2.20208, -0.244688, 6.90886
1.76493, -0.0739692, 1.74182, 2.20208, 1.34881, -0.065223, 1.6564
-0.0741756, 1.22294, -0.233226, -0.244688, -0.065223, 0.831951, -0.205885
1.74182, -0.233489, 6.69845, 6.90886, 1.6564, -0.205885, 6.03332
-1,0.376991,0,0,0,0,0
5.54862, -0.119271, 0.999606, 2.97353, 1.99822, -0.105346, 2.03097
-0.119271, 5.2609, -0.326363, -0.344636, -0.105163, 1.22735, -0.272428
0.999606, -0.326363, 7.83447, 7.65663, 2.03097, -0.272241, 6.46287
2.97353, -0.344636, 7.65663, 8.21353, 2.6241, -0.291874, 6.75666
1.99822, -0.105163, 2.03097, 2.6241, 1.57009, -0.0926238, 1.93056
-0.105346, 1.22735, -0.272241, -0.291874, -0.0926238, 0.836529, -0.240153
2.03097, -0.272428, 6.46287, 6.75666, 1.93056, -0.240153, 5.80699
-1,0.439823,0,0,0,0,0
5.67764, -0.168343, 1.13074, 3.44245, 2.2651, -0.141382, 2.28952
-0.168343, 5.33173, -0.363271, -0.398884, -0.141216, 1.23482, -0.307199
1.13074, -0.363271, 7.70545, 7.45721, 2.28952, -0.307113, 6.19257
3.44245, -0.398884, 7.45721, 8.21317, 3.03624, -0.338083, 6.57802
2.2651, -0.141216, 2.28952, 3.03624, 1.8236, -0.124003, 2.17493
-0.141382, 1.23482, -0.307113, -0.338083, -0.124003, 0.841915, -0.270846
2.28952, -0.307199, 6.19257, 6.57802, 2.17493, -0.270846, 5.54773
-1,0.502655,0,0,0,0,0
5.81637, -0.204506, 1.24806, 3.89794, 2.56252, -0.180995, 2.51266
-0.204506, 5.30429, -0.409308, -0.4543, -0.18082, 1.23927, -0.337671
1.24806, -0.409308, 7.55887, 7.22911, 2.51266, -0.337521, 5.89207
3.89794, -0.4543, 7.22911, 8.21272, 3.43658, -0.382933, 6.37371
2.56252, -0.18082, 2.51266, 3.43658, 2.10551, -0.159033, 2.38559
-0.180995, 1.23927, -0.337521, -0.382933, -0.159033, 0.847773, -0.297352
2.51266, -0.337671, 5.89207, 6.37371, 2.38559, -0.297352, 5.25951
-1,0.565487,0,0,0,0,0
5.89575, -0.284949, 1.39583, 4.34006, 2.88474, -0.225668, 2.69826
-0.284949, 5.49981, -0.419486, -0.50281, -0.225547, 1.25188, -0.362359
1.39583, -0.419486, 7.36948, 6.97243, 2.69826, -0.362141, 5.56461
4.34006, -0.50281, 6.97243, 8.2125, 3.82418, -0.426597, 6.1441
2.88474, -0.225547, 2.69826, 3.82418, 2.41138, -0.19701, 2.55934
-0.225668, 1.25188, -0.362141, -0.426597, -0.19701, 0.854607, -0.319482
2.69826, -0.362359, 5.56461, 6.1441, 2.55934, -0.319482, 4.94657
-1,0.628319,0,0,0,0,0
6.05001, -0.336775, 1.49304, 4.76692, 3.2291, -0.271037, 2.84135
-0.336775, 5.5026, -0.447485, -0.557709, -0.270986, 1.26066, -0.382943
1.49304, -0.447485, 7.1832, 6.68777, 2.84135, -0.382743, 5.2166
4.76692, -0.557709, 6.68777, 8.21241, 4.197, -0.468874, 5.89039
3.2291, -0.270986, 2.84135, 4.197, 2.73688, -0.237458, 2.69306
-0.271037, 1.26066, -0.382743, -0.468874, -0.237458, 0.861608, -0.336725
2.84135, -0.382943, 5.2166, 5.89039, 2.69306, -0.336725, 4.61396
-1,0.69115,0,0,0,0,0
6.25767, -0.375941, 1.53308, 5.17363, 3.59099, -0.319188, 2.93884
-0.375941, 5.34337, -0.472665, -0.603465, -0.319124, 1.26855, -0.396746
1.53308, -0.472665, 7.01301, 6.37868, 2.93884, -0.396564, 4.85398
5.17363, -0.603465, 6.37868, 8.21263, 4.5537, -0.508972, 5.61337
3.59099, -0.319124, 2.93884, 4.5537, 3.0769, -0.279997, 2.78463
-0.319188, 1.26855, -0.396564, -0.508972, -0.279997, 0.869011, -0.348644
2.93884, -0.396746, 4.85398, 5.61337, 2.78463, -0.348644, 4.26674
-1,0.753982,0,0,0,0,0
6.40278, -0.425024, 1.61194, 5.56329, 3.96032, -0.367815, 2.99272
-0.425024, 5.52073, -0.482985, -0.649619, -0.367575, 1.27527, -0.405517
1.61194, -0.482985, 6.77042, 6.041, 2.99272, -0.405701, 4.47909
5.56329, -0.649619, 6.041, 8.21202, 4.89294, -0.547714, 5.31384
3.96032, -0.367575, 2.99272, 4.89294, 3.42575, -0.323668, 2.83276
-0.367815, 1.27527, -0.405701, -0.547714, -0.323668, 0.876163, -0.355278
2.99272, -0.405517, 4.47909, 5.31384, 2.83276, -0.355278, 3.91015
-1,0.816814,0,0,0,0,0
6.61734, -0.477195, 1.60606, 5.92899, 4.3359, -0.418388, 2.99729
-0.477195, 5.70839, -0.493141, -0.69485, -0.418113, 1.28447, -0.406706
1.60606, -0.493141, 6.58614, 5.68207, 2.99729, -0.406957, 4.10263
5.92899, -0.69485, 5.68207, 8.21168, 5.21284, -0.583853, 4.99343
4.3359, -0.418113, 2.99729, 5.21284, 3.77823, -0.368096, 2.83628
-0.418388, 1.28447, -0.406957, -0.583853, -0.368096, 0.88363, -0.356066
2.99729, -0.406706, 4.10263, 4.99343, 2.83628, -0.356066, 3.54986
-1,0.879646,0,0,0,0,0
6.79862, -0.561685, 1.61833, 6.27459, 4.7096, -0.471525, 2.95583
-0.561685, 5.87425, -0.451554, -0.730996, -0.471378, 1.29766, -0.39952
1.61833, -0.451554, 6.35821, 5.29744, 2.95583, -0.399642, 3.72523
6.27459, -0.730996, 5.29744, 8.21136, 5.51326, -0.618297, 4.6521
4.7096, -0.471378, 2.95583, 5.51326, 4.1287, -0.412466, 2.79525
-0.471525, 1.29766, -0.399642, -0.618297, -0.412466, 0.891598, -0.35136
2.95583, -0.39952, 3.72523, 4.6521, 2.79525, -0.35136, 3.19107
-1,0.942478,0,0,0,0,0
6.98013, -0.629643, 1.60842, 6.59666, 5.07454, -0.521214, 2.86859
-0.629643, 6.01566, -0.429059, -0.771696, -0.521114, 1.30841, -0.389056
1.60842, -0.429059, 6.11358, 4.88949, 2.86859, -0.388959, 3.35428
6.59666, -0.771696, 4.88949, 8.21077, 5.79185, -0.650497, 4.29239
5.07454, -0.521114, 2.86859, 5.79185, 4.47165, -0.455715, 2.70993
-0.521214, 1.30841, -0.388959, -0.650497, -0.455715, 0.899067, -0.341327
2.86859, -0.389056, 3.35428, 4.29239, 2.70993, -0.341327, 2.84005
-1,1.00531,0,0,0,0,0
7.15892, -0.67367, 1.57482, 6.89261, 5.42693, -0.569442, 2.73457
-0.67367, 5.91323, -0.443643, -0.809888, -0.569356, 1.31293, -0.372435
1.57482, -0.443643, 5.85735, 4.46224, 2.73457, -0.371844, 2.99806
6.89261, -0.809888, 4.46224, 8.21061, 6.04774, -0.680099, 3.91541
5.42693, -0.569356, 2.73457, 6.04774, 4.8018, -0.497665, 2.58131
-0.569442, 1.31293, -0.371844, -0.680099, -0.497665, 0.906285, -0.325519
2.73457, -0.372435, 2.99806, 3.91541, 2.58131, -0.325519, 2.5025
-1,1.06814,0,0,0,0,0
7.3675, -0.76298, 1.45725, 7.16332, 5.7609, -0.617251, 2.5559
-0.76298, 6.25445, -0.357476, -0.847228, -0.617142, 1.32806, -0.34624
1.45725, -0.357476, 5.69377, 4.01345, 2.5559, -0.345542, 2.66156
7.16332, -0.847228, 4.01345, 8.21077, 6.28005, -0.707402, 3.52208
5.7609, -0.617142, 2.5559, 6.28005, 5.11371, -0.537443, 2.41153
-0.617251, 1.32806, -0.345542, -0.707402, -0.537443, 0.913546, -0.304435
2.5559, -0.34624, 2.66156, 3.52208, 2.41153, -0.304435, 2.18349
-1,1.13097,0,0,0,0,0
7.5254, -0.783642, 1.38188, 7.40294, 6.06976, -0.657833, 2.33681
-0.783642, 6.1545, -0.389711, -0.871297, -0.657722, 1.32924, -0.321131
1.38188, -0.389711, 5.42764, 3.55209, 2.33681, -0.319962, 2.34867
7.40294, -0.871297, 3.55209, 8.2108, 6.48751, -0.731336, 3.11457
6.06976, -0.657722, 2.33681, 6.48751, 5.40248, -0.574251, 2.20285
-0.657833, 1.32924, -0.319962, -0.731336, -0.574251, 0.919595, -0.278528
2.33681, -0.321131, 2.34867, 3.11457, 2.20285, -0.278528, 1.88869
-1,1.19381,0,0,0,0,0
7.68729, -0.836236, 1.2478, 7.61253, 6.34917, -0.697542, 2.07849
-0.836236, 6.12103, -0.369604, -0.900232, -0.697405, 1.33717, -0.283733
1.2478, -0.369604, 5.23769, 3.07788, 2.07849, -0.282342, 2.06983
7.61253, -0.900232, 3.07788, 8.21102, 6.66898, -0.75225, 2.69466
6.34917, -0.697405, 2.07849, 6.66898, 5.66311, -0.607628, 1.95895
-0.697542, 1.33717, -0.282342, -0.75225, -0.607628, 0.925631, -0.24775
2.07849, -0.283733, 2.06983, 2.69466, 1.95895, -0.24775, 1.62223
-1,1.25664,0,0,0,0,0
7.83429, -0.893041, 1.08422, 7.79311, 6.59363, -0.731266, 1.78833
-0.893041, 6.55324, -0.244883, -0.919374, -0.731072, 1.34719, -0.244438
1.08422, -0.244883, 5.07019, 2.58444, 1.78833, -0.243354, 1.81843
7.79311, -0.919374, 2.58444, 8.21036, 6.82413, -0.770438, 2.26297
6.59363, -0.731072, 1.78833, 6.82413, 5.89137, -0.636803, 1.68364
-0.731266, 1.34719, -0.243354, -0.770438, -0.636803, 0.930662, -0.213324
1.78833, -0.244438, 1.81843, 2.26297, 1.68364, -0.213324, 1.38828
-1,1.31947,0,0,0,0,0
7.96084, -0.93819, 0.899112, 7.94378, 6.80016, -0.760821, 1.46717
-0.93819, 6.7405, -0.167966, -0.94252, -0.760537, 1.35478, -0.198297
0.899112, -0.167966, 4.90464, 2.07646, 1.46717, -0.197351, 1.611
7.94378, -0.94252, 2.07646, 8.21065, 6.95203, -0.785778, 1.82198
6.80016, -0.760537, 1.46717, 6.95203, 6.08361, -0.661529, 1.38093
-0.760821, 1.35478, -0.197351, -0.785778, -0.661529, 0.935185, -0.174959
1.46717, -0.198297, 1.611, 1.82198, 1.38093, -0.174959, 1.19181
-1,1.3823,0,0,0,0,0
8.05529, -0.941083, 0.711901, 8.05909, 6.96435, -0.782853, 1.12261
-0.941083, 6.50266, -0.177137, -0.95423, -0.78245, 1.3556, -0.152154
0.711901, -0.177137, 4.71194, 1.57062, 1.12261, -0.151604, 1.44487
8.05909, -0.95423, 1.57062, 8.2107, 7.05204, -0.797257, 1.37373
6.96435, -0.78245, 1.12261, 7.05204, 6.2366, -0.68117, 1.0558
-0.782853, 1.3556, -0.151604, -0.797257, -0.68117, 0.938576, -0.133839
1.12261, -0.152154, 1.44487, 1.37373, 1.0558, -0.133839, 1.0355
-1,1.44513,0,0,0,0,0
8.13032, -0.968746, 0.486463, 8.14345, 7.08376, -0.79952, 0.759399
-0.968746, 6.9089, -0.0438631, -0.966076, -0.79902, 1.36296, -0.101355
0.486463, -0.0438631, 4.55876, 1.04779, 0.759399, -0.101077, 1.32232
8.14345, -0.966076, 1.04779, 8.21061, 7.1238, -0.805817, 0.919356
7.08376, -0.79902, 0.759399, 7.1238, 6.34774, -0.695454, 0.713587
-0.79952, 1.36296, -0.101077, -0.805817, -0.695454, 0.941173, -0.090509
0.759399, -0.101355, 1.32232, 0.919356, 0.713587, -0.090509, 0.921684
-1,1.50796,0,0,0,0,0
8.1747, -0.971001, 0.250671, 8.19372, 7.15627, -0.809257, 0.383243
-0.971001, 6.95842, 0.00235872, -0.97167, -0.808657, 1.36695, -0.0511942
0.250671, 0.00235872, 4.42323, 0.525435, 0.383243, -0.0511023, 1.24966
8.19372, -0.97167, 0.525435, 8.2106, 7.16696, -0.810873, 0.461071
7.15627, -0.808657, 0.383243, 7.16696, 6.4152, -0.704125, 0.359728
-0.809257, 1.36695, -0.0511023, -0.810873, -0.704125, 0.942664, -0.0456611
0.383243, -0.0511942, 1.24966, 0.461071, 0.359728, -0.0456611, 0.852746
-1,1.5708,0,0,0,0,0
8.18973, -0.97008, 7.7256e-06, 8.21054, 7.1806, -0.812533, 1.10101e-05
-0.97008, 7.16915, -2.308e-06, -0.974032, -0.811889, 1.37078, -3.33351e-06
7.7256e-06, -2.308e-06, 4.64225, 7.72702e-06, 1.10101e-05, -3.33352e-06, 1.23698
8.21054, -0.974032, 7.72702e-06, 8.21059, 7.18135, -0.812568, 1.10105e-05
7.1806, -0.811889, 1.10101e-05, 7.18135, 6.43781, -0.707032, 1.39515e-05
-0.812533, 1.37078, -3.33352e-06, -0.812568, -0.707032, 0.943168, -3.8711e-06
1.10101e-05, -3.33351e-06, 1.23698, 1.10105e-05, 1.39515e-05, -3.8711e-06, 0.829633
-1,1.63363,0,0,0,0,0
8.1747, -0.971002, -0.250656, 8.19372, 7.15627, -0.809257, -0.383221
-0.971002, 6.95842, -0.00236421, -0.97167, -0.808657, 1.36695, 0.0511876
-0.250656, -0.00236421, 4.42323, -0.52542, -0.383221, 0.0510956, 1.24966
8.19372, -0.97167, -0.52542, 8.2106, 7.16695, -0.810872, -0.461049
7.15627, -0.808657, -0.383221, 7.16695, 6.41519, -0.704124, -0.3597
-0.809257, 1.36695, 0.0510956, -0.810872, -0.704124, 0.942664, 0.0456534
-0.383221, 0.0511876, 1.24966, -0.461049, -0.3597, 0.0456534, 0.852746
-1,1.69646,0,0,0,0,0
8.13032, -0.968746, -0.486448, 8.14345, 7.08376, -0.799519, -0.759377
-0.968746, 6.9089, 0.0438576, -0.966076, -0.79902, 1.36296, 0.101349
-0.486448, 0.0438576, 4.55876, -1.04777, -0.759377, 0.101071, 1.32232
8.14345, -0.966076, -1.04777, 8.2106, 7.1238, -0.805816, -0.919335
7.08376, -0.79902, -0.759377, 7.1238, 6.34773, -0.695453, -0.713559
-0.799519, 1.36296, 0.101071, -0.805816, -0.695453, 0.941173, 0.0905014
-0.759377, 0.101349, 1.32232, -0.919335, -0.713559, 0.0905014, 0.921684
-1,1.75929,0,0,0,0,0
8.05528, -0.941084, -0.711886, 8.05909, 6.96434, -0.782853, -1.12259
-0.941084, 6.50266, 0.177131, -0.95423, -0.78245, 1.3556, 0.152148
-0.711886, 0.177131, 4.71194, -1.57061, -1.12259, 0.151598, 1.44487
8.05909, -0.95423, -1.57061, 8.21069, 7.05203, -0.797255, -1.37371
6.96434, -0.78245, -1.12259, 7.05203, 6.23659, -0.681168, -1.05577
-0.782853, 1.3556, 0.151598, -0.797255, -0.681168, 0.938576, 0.133831
-1.12259, 0.152148, 1.44487, -1.37371, -1.05577, 0.133831, 1.0355
-1,1.82212,0,0,0,0,0
7.96084, -0.938192, -0.899096, 7.94377, 6.80015, -0.76082, -1.46714
-0.938192, 6.74051, 0.16796, -0.94252, -0.760537, 1.35478, 0.19829
-0.899096, 0.16796, 4.90464, -2.07645, -1.46714, 0.197345, 1.611
7.94377, -0.94252, -2.07645, 8.21064, 6.95202, -0.785776, -1.82196
6.80015, -0.760537, -1.46714, 6.95202, 6.0836, -0.661527, -1.3809
-0.76082, 1.35478, 0.197345, -0.785776, -0.661527, 0.935185, 0.174951
-1.46714, 0.19829, 1.611, -1.82196, -1.3809, 0.174951, 1.19181
-1,1.88496,0,0,0,0,0
7.83429, -0.893043, -1.0842, 7.79311, 6.59362, -0.731266, -1.78831
-0.893043, 6.55324, 0.244877, -0.919374, -0.731072, 1.34719, 0.244431
-1.0842, 0.244877, 5.07019, -2.58443, -1.78831, 0.243348, 1.81843
7.79311, -0.919374, -2.58443, 8.21035, 6.82411, -0.770436, -2.26295
6.59362, -0.731072, -1.78831, 6.82411, 5.89135, -0.636801, -1.68361
-0.731266, 1.34719, 0.243348, -0.770436, -0.636801, 0.930662, 0.213317
-1.78831, 0.244431, 1.81843, -2.26295, -1.68361, 0.213317, 1.38828
-1,1.94779,0,0,0,0,0
7.68729, -0.836238, -1.24779, 7.61252, 6.34916, -0.697542, -2.07847
-0.836238, 6.12103, 0.369598, -0.900232, -0.697405, 1.33717, 0.283726
-1.24779, 0.369598, 5.23769, -3.07786, -2.07847, 0.282336, 2.06983
7.61252, -0.900232, -3.07786, 8.211, 6.66896, -0.752247, -2.69465
6.34916, -0.697405, -2.07847, 6.66896, 5.66308, -0.607625, -1.95893
-0.697542, 1.33717, 0.282336, -0.752247, -0.607625, 0.925631, 0.247742
-2.07847, 0.283726, 2.06983, -2.69465, -1.95893, 0.247742, 1.62223
-1,2.01062,0,0,0,0,0
7.5254, -0.783644, -1.38187, 7.40293, 6.06975, -0.657832, -2.33679
-0.783644, 6.1545, 0.389705, -0.871296, -0.657721, 1.32925, 0.321125
-1.38187, 0.389705, 5.42764, -3.55208, -2.33679, 0.319956, 2.34867
7.40293, -0.871296, -3.55208, 8.21079, 6.48749, -0.731333, -3.11455
6.06975, -0.657721, -2.33679, 6.48749, 5.40246, -0.574247, -2.20283
-0.657832, 1.32925, 0.319956, -0.731333, -0.574247, 0.919595, 0.278521
-2.33679, 0.321125, 2.34867, -3.11455, -2.20283, 0.278521, 1.88869
-1,2.07345,0,0,0,0,0
7.3675, -0.762983, -1.45723, 7.16331, 5.76089, -0.61725, -2.55588
-0.762983, 6.25445, 0.35747, -0.847227, -0.617142, 1.32807, 0.346234
-1.45723, 0.35747, 5.69377, -4.01344, -2.55588, 0.345535, 2.66156
7.16331, -0.847227, -4.01344, 8.21076, 6.28003, -0.707398, -3.52207
5.76089, -0.617142, -2.55588, 6.28003, 5.11368, -0.537438, -2.41151
-0.61725, 1.32807, 0.345535, -0.707398, -0.537438, 0.913546, 0.304429
-2.55588, 0.346234, 2.66156, -3.52207, -2.41151, 0.304429, 2.18349
-1,2.13628,0,0,0,0,0
7.15892, -0.673674, -1.57481, 6.8926, 5.42691, -0.569442, -2.73455
-0.673674, 5.91323, 0.443637, -0.809888, -0.569355, 1.31293, 0.372429
-1.57481, 0.443637, 5.85735, -4.46223, -2.73455, 0.371837, 2.99806
6.8926, -0.809888, -4.46223, 8.21059, 6.04772, -0.680095, -3.91539
5.42691, -0.569355, -2.73455, 6.04772, 4.80177, -0.49766, -2.58129
-0.569442, 1.31293, 0.371837, -0.680095, -0.49766, 0.906285, 0.325513
-2.73455, 0.372429, 2.99806, -3.91539, -2.58129, 0.325513, 2.5025
-1,2.19911,0,0,0,0,0
6.98012, -0.629647, -1.6084, 6.59665, 5.07452, -0.521213, -2.86857
-0.629647, 6.01567, 0.429052, -0.771695, -0.521113, 1.30841, 0.38905
-1.6084, 0.429052, 6.11358, -4.88948, -2.86857, 0.388952, 3.35428
6.59665, -0.771695, -4.88948, 8.21075, 5.79183, -0.650493, -4.29237
5.07452, -0.521113, -2.86857, 5.79183, 4.47162, -0.455709, -2.70991
-0.521213, 1.30841, 0.388952, -0.650493, -0.455709, 0.899067, 0.341321
-2.86857, 0.38905, 3.35428, -4.29237, -2.70991, 0.341321, 2.84005
-1,2.26195,0,0,0,0,0
6.79862, -0.56169, -1.61832, 6.27458, 4.70958, -0.471523, -2.95582
-0.56169, 5.87426, 0.451547, -0.730995, -0.471377, 1.29767, 0.399514
-1.61832, 0.451547, 6.35821, -5.29743, -2.95582, 0.399636, 3.72523
6.27458, -0.730995, -5.29743, 8.21134, 5.51324, -0.618292, -4.65208
4.70958, -0.471377, -2.95582, 5.51324, 4.12867, -0.41246, -2.79524
-0.471523, 1.29767, 0.399636, -0.618292, -0.41246, 0.891598, 0.351355
-2.95582, 0.399514, 3.72523, -4.65208, -2.79524, 0.351355, 3.19107
-1,2.32478,0,0,0,0,0
6.61733, -0.477201, -1.60605, 5.92898, 4.33588, -0.418386, -2.99727
-0.477201, 5.7084, 0.493134, -0.694849, -0.418112, 1.28447, 0.4067
-1.60605, 0.493134, 6.58614, -5.68206, -2.99727, 0.40695, 4.10263
5.92898, -0.694849, -5.68206, 8.21166, 5.21282, -0.583847, -4.99342
4.33588, -0.418112, -2.99727, 5.21282, 3.7782, -0.36809, -2.83627
-0.418386, 1.28447, 0.40695, -0.583847, -0.36809, 0.88363, 0.356061
-2.99727, 0.4067, 4.10263, -4.99342, -2.83627, 0.356061, 3.54986
-1,2.38761,0,0,0,0,0
6.40277, -0.425031, -1.61193, 5.56328, 3.9603, -0.367813, -2.99271
-0.425031, 5.52073, 0.482978, -0.649618, -0.367573, 1.27527, 0.405511
-1.61193, 0.482978, 6.77042, -6.04099, -2.99271, 0.405695, 4.47909
5.56328, -0.649618, -6.04099, 8.212, 4.89292, -0.547708, -5.31383
3.9603, -0.367573, -2.99271, 4.89292, 3.42572, -0.32366, -2.83275
-0.367813, 1.27527, 0.405695, -0.547708, -0.32366, 0.876163, 0.355273
-2.99271, 0.405511, 4.47909, -5.31383, -2.83275, 0.355273, 3.91015
-1,2.45044,0,0,0,0,0
6.25766, -0.375949, -1.53307, 5.17361, 3.59097, -0.319185, -2.93883
-0.375949, 5.34339, 0.472656, -0.603464, -0.319122, 1.26855, 0.396741
-1.53307, 0.472656, 7.01301, -6.37867, -2.93883, 0.396558, 4.85398
5.17361, -0.603464, -6.37867, 8.21261, 4.55367, -0.508965, -5.61337
3.59097, -0.319122, -2.93883, 4.55367, 3.07687, -0.279989, -2.78462
-0.319185, 1.26855, 0.396558, -0.508965, -0.279989, 0.86901, 0.34864
-2.93883, 0.396741, 4.85398, -5.61337, -2.78462, 0.34864, 4.26674
-1,2.51327,0,0,0,0,0
6.05, -0.336784, -1.49302, 4.7669, 3.22908, -0.271033, -2.84134
-0.336784, 5.50261, 0.447477, -0.557707, -0.270983, 1.26066, 0.382937
-1.49302, 0.447477, 7.1832, -6.68777, -2.84134, 0.382737, 5.2166
4.7669, -0.557707, -6.68777, 8.2124, 4.19697, -0.468867, -5.89038
3.22908, -0.270983, -2.84134, 4.19697, 2.73685, -0.237449, -2.69305
-0.271033, 1.26066, 0.382737, -0.468867, -0.237449, 0.861607, 0.336721
-2.84134, 0.382937, 5.2166, -5.89038, -2.69305, 0.336721, 4.61396
-1,2.57611,0,0,0,0,0
5.89574, -0.284959, -1.39582, 4.34004, 2.88471, -0.225663, -2.69825
-0.284959, 5.49983, 0.419477, -0.502808, -0.225542, 1.25188, 0.362354
-1.39582, 0.419477, 7.36947, -6.97242, -2.69825, 0.362136, 5.56461
4.34004, -0.502808, -6.97242, 8.21248, 3.82416, -0.42659, -6.14409
2.88471, -0.225542, -2.69825, 3.82416, 2.41135, -0.197001, -2.55933
-0.225663, 1.25188, 0.362136, -0.42659, -0.197001, 0.854606, 0.319479
-2.69825, 0.362354, 5.56461, -6.14409, -2.55933, 0.319479, 4.94656
-1,2.63894,0,0,0,0,0
5.81635, -0.204516, -1.24805, 3.89792, 2.56249, -0.180988, -2.51266
-0.204516, 5.30431, 0.409298, -0.454296, -0.180813, 1.23927, 0.337667
-1.24805, 0.409298, 7.55887, -7.2291, -2.51266, 0.337516, 5.89207
3.89792, -0.454296, -7.2291, 8.21271, 3.43656, -0.382925, -6.37371
2.56249, -0.180813, -2.51266, 3.43656, 2.10548, -0.159023, -2.38558
-0.180988, 1.23927, 0.337516, -0.382925, -0.159023, 0.847771, 0.29735
-2.51266, 0.337667, 5.89207, -6.37371, -2.38558, 0.29735, 5.25951
-1,2.70177,0,0,0,0,0
5.6776, -0.16835, -1.13073, 3.44243, 2.26507, -0.14137, -2.28951
-0.16835, 5.33177, 0.36326, -0.398877, -0.141205, 1.23483, 0.307195
-1.13073, 0.36326, 7.70545, -7.45721, -2.28951, 0.307109, 6.19257
3.44243, -0.398877, -7.45721, 8.21315, 3.03622, -0.338075, -6.57801
2.26507, -0.141205, -2.28951, 3.03622, 1.82358, -0.123993, -2.17492
-0.14137, 1.23483, 0.307109, -0.338075, -0.123993, 0.841912, 0.270844
-2.28951, 0.307195, 6.19257, -6.57801, -2.17492, 0.270844, 5.54773
-1,2.7646,0,0,0,0,0
5.54855, -0.119258, -0.999604, 2.9735, 1.99818, -0.105326, -2.03097
-0.119258, 5.26097, 0.326355, -0.344623, -0.105144, 1.22735, 0.272425
-0.999604, 0.326355, 7.83447, -7.65662, -2.03097, 0.272238, 6.46286
2.9735, -0.344623, -7.65662, 8.21352, 2.62408, -0.291864, -6.75666
1.99818, -0.105144, -2.03097, 2.62408, 1.57008, -0.0926129, -1.93056
-0.105326, 1.22735, 0.272238, -0.291864, -0.0926129, 0.836524, 0.240152
-2.03097, 0.272425, 6.46286, -6.75666, -1.93056, 0.240152, 5.80699
-1,2.82743,0,0,0,0,0
5.41504, -0.0883591, -0.861516, 2.49401, 1.76491, -0.0741544, -1.74182
-0.0883591, 5.23539, 0.277427, -0.287884, -0.073948, 1.22291, 0.233487
-0.861516, 0.277427, 7.94403, -7.82639, -1.74182, 0.233224, 6.69845
2.49401, -0.287884, -7.82639, 8.21399, 2.20207, -0.244679, -6.90886
1.76491, -0.073948, -1.74182, 2.20207, 1.3488, -0.0652145, -1.6564
-0.0741544, 1.22291, 0.233224, -0.244679, -0.0652145, 0.831944, 0.205884
-1.74182, 0.233487, 6.69845, -6.90886, -1.6564, 0.205884, 6.03332
-1,2.89027,0,0,0,0,0
5.33288, -0.0545974, -0.69977, 2.00518, 1.5692, -0.0479966, -1.42599
-0.0545974, 5.18973, 0.228811, -0.231491, -0.047736, 1.21735, 0.191021
-0.69977, 0.228811, 8.03846, -7.96615, -1.42599, 0.190689, 6.89623
2.00518, -0.231491, -7.96615, 8.2145, 1.77152, -0.196584, -7.03422
1.5692, -0.047736, -1.42599, 1.77152, 1.16312, -0.0423093, -1.35668
-0.0479966, 1.21735, 0.190689, -0.196584, -0.0423093, 0.828104, 0.168466
-1.42599, 0.191021, 6.89623, -7.03422, -1.35668, 0.168466, 6.22337
-1,2.9531,0,0,0,0,0
5.22243, -0.0374015, -0.540741, 1.5111, 1.41174, -0.0272457, -1.08929
-0.0374015, 5.15898, 0.172605, -0.175665, -0.0269999, 1.21319, 0.145862
-0.540741, 0.172605, 8.11119, -8.07436, -1.08929, 0.145656, 7.05284
1.5111, -0.175665, -8.07436, 8.21445, 1.33459, -0.148211, -7.13206
1.41174, -0.0269999, -1.08929, 1.33459, 1.01546, -0.0240119, -1.03619
-0.0272457, 1.21319, 0.145656, -0.148211, -0.0240119, 0.824909, 0.128629
-1.08929, 0.145862, 7.05284, -7.13206, -1.03619, 0.128629, 6.37417
-1,3.01593,0,0,0,0,0
5.20633, -0.0208256, -0.359423, 1.0103, 1.30027, -0.0125367, -0.735342
-0.0208256, 5.1653, 0.114062, -0.116698, -0.0123954, 1.21176, 0.098291
-0.359423, 0.114062, 8.16873, -8.1524, -0.735342, 0.0982013, 7.16652
1.0103, -0.116698, -8.1524, 8.21469, 0.892545, -0.099066, -7.20219
1.30027, -0.0123954, -0.735342, 0.892545, 0.908507, -0.0108475, -0.699758
-0.0125367, 1.21176, 0.0982013, -0.099066, -0.0108475, 0.822762, 0.0868321
-0.735342, 0.098291, 7.16652, -7.20219, -0.699758, 0.0868321, 6.4835
-1,3.07876,0,0,0,0,0
5.20137, -0.00938127, -0.178671, 0.505837, 1.2325, -0.00362866, -0.370418
-0.00938127, 5.15143, 0.0556072, -0.0584735, -0.00357046, 1.21029, 0.0492926
-0.178671, 0.0556072, 8.20304, -8.19928, -0.370418, 0.0493511, 7.2354
0.505837, -0.0584735, -8.19928, 8.21481, 0.447092, -0.0495746, -7.24437
1.2325, -0.00357046, -0.370418, 0.447092, 0.843678, -0.0028864, -0.352585
-0.00362866, 1.21029, 0.0493511, -0.0495746, -0.0028864, 0.821442, 0.0437352
-0.370418, 0.0492926, 7.2354, -7.24437, -0.352585, 0.0437352, 6.54976
-0.95,0,0,0,0,0,0
5.36639, -0.000158943, 3.8706e-09, 3.87376e-09, 1.20425, -0.000179035, 3.95746e-09
-0.000158943, 5.3091, -1.82662e-09, -1.86129e-09, -0.000173878, 1.20327, -2.01694e-09
3.8706e-09, -1.82662e-09, 8.17414, 8.17428, 3.95746e-09, -2.01804e-09, 7.2226
3.87376e-09, -1.86129e-09, 8.17428, 8.17422, 3.95737e-09, -2.01874e-09, 7.22257
1.20425, -0.000173878, 3.95746e-09, 3.95737e-09, 0.817916, -0.000227191, 3.44562e-09
-0.000179035, 1.20327, -2.01804e-09, -2.01874e-09, -0.000227191, 0.816892, -1.34058e-09
3.95746e-09, -2.01694e-09, 7.2226, 7.22257, 3.44562e-09, -1.34058e-09, 6.53947
-0.95,0.0628319,0,0,0,0,0
5.3857, -0.00536686, 0.163656, 0.501134, 1.22657, -0.00359154, 0.366448
-0.00536686, 5.32349, -0.0689973, -0.0647585, -0.00359241, 1.20411, -0.0551824
0.163656, -0.0689973, 8.16458, 8.15883, 0.366448, -0.0548697, 7.19985
0.501134, -0.0647585, 8.15883, 8.17413, 0.442755, -0.0548538, 7.20861
1.22657, -0.00359241, 0.366448, 0.442755, 0.839268, -0.00315988, 0.348893
-0.00359154, 1.20411, -0.0548697, -0.0548538, -0.00315988, 0.817444, -0.0483535
0.366448, -0.0551824, 7.19985, 7.20861, 0.348893, -0.0483535, 6.51748
-0.95,0.125664,0,0,0,0,0
5.43421, -0.0102462, 0.322664, 1.00061, 1.29446, -0.013172, 0.727309
-0.0102462, 5.31848, -0.137441, -0.129864, -0.0131652, 1.20547, -0.10952
0.322664, -0.137441, 8.1358, 8.11262, 0.727309, -0.108987, 7.13193
1.00061, -0.129864, 8.11262, 8.174, 0.883844, -0.109546, 7.16679
1.29446, -0.0131652, 0.727309, 0.883844, 0.903153, -0.0119217, 0.69246
-0.013172, 1.20547, -0.108987, -0.109546, -0.0119217, 0.819057, -0.0959957
0.727309, -0.10952, 7.13193, 7.16679, 0.69246, -0.0959957, 6.45185
-0.95,0.188496,0,0,0,0,0
5.44088, -0.0262607, 0.485364, 1.49603, 1.40542, -0.0291302, 1.07725
-0.0262607, 5.31951, -0.199179, -0.193787, -0.0291519, 1.20836, -0.161821
0.485364, -0.199179, 8.08845, 8.03598, 1.07725, -0.161351, 7.01983
1.49603, -0.193787, 8.03598, 8.1739, 1.32157, -0.163752, 7.09727
1.40542, -0.0291519, 1.07725, 1.32157, 1.00863, -0.0264004, 1.02545
-0.0291302, 1.20836, -0.161351, -0.163752, -0.0264004, 0.821796, -0.142216
1.07725, -0.161821, 7.01983, 7.09727, 1.02545, -0.142216, 6.34354
-0.95,0.251327,0,0,0,0,0
5.51115, -0.056952, 0.634974, 1.98576, 1.55938, -0.053068, 1.4109
-0.056952, 5.30983, -0.255248, -0.255312, -0.0530572, 1.2144, -0.21133
0.634974, -0.255248, 8.0226, 7.92909, 1.4109, -0.210918, 6.86509
1.98576, -0.255312, 7.92909, 8.17376, 1.75445, -0.217317, 7.0002
1.55938, -0.0530572, 1.4109, 1.75445, 1.15387, -0.0465259, 1.34283
-0.053068, 1.2144, -0.210918, -0.217317, -0.0465259, 0.825814, -0.186332
1.4109, -0.21133, 6.86509, 7.0002, 1.34283, -0.186332, 6.19414
-0.95,0.314159,0,0,0,0,0
5.58902, -0.0937994, 0.781741, 2.47104, 1.7502, -0.0817577, 1.7244
-0.0937994, 5.37567, -0.312556, -0.319593, -0.0817213, 1.21904, -0.258729
0.781741, -0.312556, 7.93591, 7.79048, 1.7244, -0.258311, 6.66952
2.47104, -0.319593, 7.79048, 8.17272, 2.18095, -0.270747, 6.87587
1.7502, -0.0817213, 1.7244, 2.18095, 1.3366, -0.0716758, 1.63977
-0.0817577, 1.21904, -0.258311, -0.270747, -0.0716758, 0.830338, -0.227794
1.7244, -0.258729, 6.66952, 6.87587, 1.63977, -0.227794, 6.00585
-0.95,0.376991,0,0,0,0,0
5.64175, -0.137212, 0.933512, 2.94572, 1.97918, -0.116429, 2.01157
-0.137212, 5.37318, -0.362937, -0.380951, -0.116367, 1.2256, -0.301737
0.933512, -0.362937, 7.82729, 7.6233, 2.01157, -0.301326, 6.43653
2.94572, -0.380951, 7.6233, 8.1723, 2.59903, -0.322834, 6.72494
1.97918, -0.116367, 2.01157, 2.59903, 1.55468, -0.101775, 1.91148
-0.116429, 1.2256, -0.301326, -0.322834, -0.101775, 0.836155, -0.26581
2.01157, -0.301737, 6.43653, 6.72494, 1.91148, -0.26581, 5.78154
-0.95,0.439823,0,0,0,0,0
5.813, -0.18347, 1.03346, 3.4116, 2.24311, -0.155272, 2.26803
-0.18347, 5.52683, -0.412137, -0.443429, -0.155177, 1.23419, -0.341129
1.03346, -0.412137, 7.71747, 7.42584, 2.26803, -0.340724, 6.16929
3.4116, -0.443429, 7.42584, 8.17163, 3.00742, -0.374205, 6.54771
2.24311, -0.155177, 2.26803, 3.00742, 1.80458, -0.136254, 2.15382
-0.155272, 1.23419, -0.340724, -0.374205, -0.136254, 0.842616, -0.29993
2.26803, -0.341129, 6.16929, 6.54771, 2.15382, -0.29993, 5.52451
-0.95,0.502655,0,0,0,0,0
5.83849, -0.234864, 1.19541, 3.86283, 2.53551, -0.199899, 2.49064
-0.234864, 5.43635, -0.446565, -0.501814, -0.199757, 1.24086, -0.37381
1.19541, -0.446565, 7.55681, 7.20113, 2.49064, -0.373745, 5.87153
3.86283, -0.501814, 7.20113, 8.17127, 3.40427, -0.423754, 6.34502
2.53551, -0.199757, 2.49064, 3.40427, 2.08259, -0.174897, 2.36297
-0.199899, 1.24086, -0.373745, -0.423754, -0.174897, 0.850138, -0.329416
2.49064, -0.37381, 5.87153, 6.34502, 2.36297, -0.329416, 5.23863
-0.95,0.565487,0,0,0,0,0
5.96549, -0.310976, 1.30624, 4.30299, 2.85398, -0.247493, 2.67557
-0.310976, 5.66992, -0.462639, -0.561113, -0.247336, 1.25494, -0.402107
1.30624, -0.462639, 7.39561, 6.94631, 2.67557, -0.402382, 5.54709
4.30299, -0.561113, 6.94631, 8.17058, 3.78853, -0.472464, 6.1171
2.85398, -0.247336, 2.67557, 3.78853, 2.38431, -0.216575, 2.53568
-0.247493, 1.25494, -0.402382, -0.472464, -0.216575, 0.858217, -0.35424
2.67557, -0.402107, 5.54709, 6.1171, 2.53568, -0.35424, 4.92812
-0.95,0.628319,0,0,0,0,0
6.139, -0.34817, 1.37694, 4.72639, 3.19599, -0.297195, 2.81758
-0.34817, 5.62523, -0.496265, -0.616092, -0.297047, 1.26352, -0.425014
1.37694, -0.496265, 7.23754, 6.66522, 2.81758, -0.425566, 5.20281
4.72639, -0.616092, 6.66522, 8.17034, 4.15827, -0.519256, 5.86523
3.19599, -0.297047, 2.81758, 4.15827, 2.70566, -0.261299, 2.66878
-0.297195, 1.26352, -0.425566, -0.519256, -0.261299, 0.866763, -0.373533
2.81758, -0.425014, 5.20281, 5.86523, 2.66878, -0.373533, 4.59798
-0.95,0.69115,0,0,0,0,0
6.32631, -0.414111, 1.42238, 5.13211, 3.55402, -0.351183, 2.91576
-0.414111, 5.79727, -0.510086, -0.667379, -0.351063, 1.27738, -0.440745
1.42238, -0.510086, 7.07574, 6.35806, 2.91576, -0.441248, 4.84279
5.13211, -0.667379, 6.35806, 8.17026, 4.5123, -0.56415, 5.58997
3.55402, -0.351063, 2.91576, 4.5123, 3.04135, -0.308353, 2.76034
-0.351183, 1.27738, -0.441248, -0.56415, -0.308353, 0.87593, -0.387017
2.91576, -0.440745, 4.84279, 5.58997, 2.76034, -0.387017, 4.25303
-0.95,0.753982,0,0,0,0,0
6.49481, -0.464832, 1.46874, 5.51956, 3.92077, -0.405769, 2.96944
-0.464832, 5.7568, -0.541317, -0.723893, -0.405695, 1.28631, -0.450989
1.46874, -0.541317, 6.88759, 6.02405, 2.96944, -0.451468, 4.47186
5.51956, -0.723893, 6.02405, 8.16971, 4.84885, -0.607206, 5.29256
3.92077, -0.405695, 2.96944, 4.84885, 3.38607, -0.356748, 2.80875
-0.405769, 1.28631, -0.451468, -0.607206, -0.356748, 0.885003, -0.394532
2.96944, -0.450989, 4.47186, 5.29256, 2.80875, -0.394532, 3.89867
-0.95,0.816814,0,0,0,0,0
6.67256, -0.518309, 1.4859, 5.88353, 4.29283, -0.462689, 2.97557
-0.518309, 5.71514, -0.561077, -0.771752, -0.46265, 1.29496, -0.452299
1.4859, -0.561077, 6.70342, 5.66844, 2.97557, -0.452649, 4.09757
5.88353, -0.771752, 5.66844, 8.1692, 5.16656, -0.647442, 4.97408
4.29283, -0.46265, 2.97557, 5.16656, 3.73451, -0.406094, 2.8131
-0.462689, 1.29496, -0.452649, -0.647442, -0.406094, 0.894389, -0.395566
2.97557, -0.452299, 4.09757, 4.97408, 2.8131, -0.395566, 3.5403
-0.95,0.879646,0,0,0,0,0
6.8534, -0.611134, 1.48562, 6.23002, 4.66319, -0.52145, 2.93629
-0.611134, 5.94284, -0.526497, -0.815762, -0.521431, 1.31124, -0.445863
1.48562, -0.526497, 6.50299, 5.28416, 2.93629, -0.446, 3.72143
6.23002, -0.815762, 5.28416, 8.16855, 5.46504, -0.686329, 4.63461
4.66319, -0.521431, 2.93629, 5.46504, 4.08107, -0.455199, 2.77335
-0.52145, 1.31124, -0.446, -0.686329, -0.455199, 0.904245, -0.390755
2.93629, -0.445863, 3.72143, 4.63461, 2.77335, -0.390755, 3.18322
-0.95,0.942478,0,0,0,0,0
7.01404, -0.679691, 1.48538, 6.5506, 5.0253, -0.575754, 2.85127
-0.679691, 6.143, -0.519906, -0.859943, -0.575724, 1.32247, -0.436159
1.48538, -0.519906, 6.2684, 4.87948, 2.85127, -0.435907, 3.3518
6.5506, -0.859943, 4.87948, 8.16763, 5.74185, -0.722147, 4.27694
5.0253, -0.575724, 2.85127, 5.74185, 4.42054, -0.5032, 2.68947
-0.575754, 1.32247, -0.435907, -0.722147, -0.5032, 0.913296, -0.379898
2.85127, -0.436159, 3.3518, 4.27694, 2.68947, -0.379898, 2.83377
-0.95,1.00531,0,0,0,0,0
7.18436, -0.742355, 1.44808, 6.84607, 5.37595, -0.630864, 2.71875
-0.742355, 6.08204, -0.501678, -0.902011, -0.630789, 1.33199, -0.415513
1.44808, -0.501678, 6.0457, 4.45546, 2.71875, -0.415209, 2.9978
6.84607, -0.902011, 4.45546, 8.16769, 5.99623, -0.755247, 3.90193
5.37595, -0.630789, 2.71875, 5.99623, 4.74751, -0.549928, 2.56259
-0.630864, 1.33199, -0.415209, -0.755247, -0.549928, 0.92265, -0.36245
2.71875, -0.415513, 2.9978, 3.90193, 2.56259, -0.36245, 2.49751
-0.95,1.06814,0,0,0,0,0
7.35797, -0.832881, 1.37784, 7.1164, 5.70732, -0.683093, 2.54373
-0.832881, 6.36394, -0.438839, -0.940733, -0.683001, 1.34764, -0.389285
1.37784, -0.438839, 5.83101, 4.0087, 2.54373, -0.388597, 2.65961
7.1164, -0.940733, 4.0087, 8.16736, 6.22724, -0.785792, 3.51052
5.70732, -0.683001, 2.54373, 6.22724, 5.05653, -0.594117, 2.3948
-0.683093, 1.34764, -0.388597, -0.785792, -0.594117, 0.931435, -0.339377
2.54373, -0.389285, 2.65961, 3.51052, 2.3948, -0.339377, 2.17937
-0.95,1.13097,0,0,0,0,0
7.51629, -0.867269, 1.29273, 7.35727, 6.01556, -0.729935, 2.32575
-0.867269, 6.36752, -0.453728, -0.971252, -0.729802, 1.35189, -0.359179
1.29273, -0.453728, 5.60592, 3.54778, 2.32575, -0.358316, 2.3488
7.35727, -0.971252, 3.54778, 8.16764, 6.43375, -0.812909, 3.10466
6.01556, -0.729802, 2.32575, 6.43375, 5.34288, -0.635306, 2.18812
-0.729935, 1.35189, -0.358316, -0.812909, -0.635306, 0.93931, -0.310475
2.32575, -0.359179, 2.3488, 3.10466, 2.18812, -0.310475, 1.88542
-0.95,1.19381,0,0,0,0,0
7.67188, -0.932316, 1.15436, 7.56605, 6.29397, -0.774593, 2.06963
-0.932316, 6.29479, -0.383706, -1.00023, -0.774392, 1.36433, -0.316126
1.15436, -0.383706, 5.47322, 3.07784, 2.06963, -0.315427, 2.06984
7.56605, -1.00023, 3.07784, 8.16779, 6.61436, -0.836163, 2.68649
6.29397, -0.774392, 2.06963, 6.61436, 5.60143, -0.672541, 1.94637
-0.774593, 1.36433, -0.315427, -0.836163, -0.672541, 0.946951, -0.276371
2.06963, -0.316126, 2.06984, 2.68649, 1.94637, -0.276371, 1.61938
-0.95,1.25664,0,0,0,0,0
7.80586, -0.979668, 1.0132, 7.74797, 6.53778, -0.811945, 1.78169
-0.979668, 6.78606, -0.303839, -1.0258, -0.811653, 1.37346, -0.274476
1.0132, -0.303839, 5.27257, 2.58297, 1.78169, -0.274163, 1.81717
7.74797, -1.0258, 2.58297, 8.16697, 6.76889, -0.856844, 2.2563
6.53778, -0.811653, 1.78169, 6.76889, 5.82801, -0.705152, 1.6732
-0.811945, 1.37346, -0.274163, -0.856844, -0.705152, 0.953174, -0.238119
1.78169, -0.274476, 1.81717, 2.2563, 1.6732, -0.238119, 1.38578
-0.95,1.31947,0,0,0,0,0
7.92384, -1.02684, 0.845116, 7.89892, 6.74392, -0.845143, 1.46249
-1.02684, 6.89365, -0.230327, -1.05148, -0.844785, 1.38253, -0.223432
0.845116, -0.230327, 5.09874, 2.07642, 1.46249, -0.223334, 1.60862
7.89892, -1.05148, 2.07642, 8.16718, 6.89628, -0.874087, 1.81688
6.74392, -0.844785, 1.46249, 6.89628, 6.01889, -0.732802, 1.37266
-0.845143, 1.38253, -0.223334, -0.874087, -0.732802, 0.958877, -0.195433
1.46249, -0.223432, 1.60862, 1.81688, 1.37266, -0.195433, 1.18941
-0.95,1.3823,0,0,0,0,0
8.01742, -1.05145, 0.662384, 8.01481, 6.90811, -0.870646, 1.11904
-1.05145, 6.70492, -0.155549, -1.06269, -0.870268, 1.3875, -0.17001
0.662384, -0.155549, 4.96257, 1.57156, 1.11904, -0.170043, 1.44337
8.01481, -1.06269, 1.57156, 8.16735, 6.99596, -0.887062, 1.36994
6.90811, -0.870268, 1.11904, 6.99596, 6.17085, -0.754823, 1.04963
-0.870646, 1.3875, -0.170043, -0.887062, -0.754823, 0.963272, -0.149499
1.11904, -0.17001, 1.44337, 1.36994, 1.04963, -0.149499, 1.03323
-0.95,1.44513,0,0,0,0,0
8.08961, -1.07597, 0.458532, 8.09967, 7.02747, -0.889414, 0.757221
-1.07597, 7.16944, -0.0796759, -1.07869, -0.889024, 1.39416, -0.114493
0.458532, -0.0796759, 4.76955, 1.04824, 0.757221, -0.114594, 1.32
8.09967, -1.07869, 1.04824, 8.16721, 7.06748, -0.896759, 0.916893
7.02747, -0.889024, 0.757221, 7.06748, 6.28127, -0.770826, 0.709496
-0.889414, 1.39416, -0.114594, -0.896759, -0.770826, 0.966515, -0.101155
0.757221, -0.114493, 1.32, 0.916893, 0.709496, -0.101155, 0.919433
-0.95,1.50796,0,0,0,0,0
8.13439, -1.08496, 0.23613, 8.15027, 7.1, -0.900624, 0.382149
-1.08496, 7.2929, -0.0123886, -1.08561, -0.900228, 1.39906, -0.0578023
0.23613, -0.0123886, 4.64924, 0.52569, 0.382149, -0.0578712, 1.2477
8.15027, -1.08561, 0.52569, 8.16721, 7.1105, -0.90249, 0.459848
7.1, -0.900228, 0.382149, 7.1105, 6.34829, -0.780552, 0.357688
-0.900624, 1.39906, -0.0578712, -0.90249, -0.780552, 0.96842, -0.0510349
0.382149, -0.0578023, 1.2477, 0.459848, 0.357688, -0.0510349, 0.850516
-0.95,1.5708,0,0,0,0,0
8.14987, -1.0863, 7.54208e-06, 8.16719, 7.12434, -0.904397, 1.0693e-05
-1.0863, 7.49587, -2.56172e-06, -1.08853, -0.904, 1.40313, -3.67951e-06
7.54208e-06, -2.56172e-06, 4.88335, 7.54357e-06, 1.0693e-05, -3.67952e-06, 1.23532
8.16719, -1.08853, 7.54357e-06, 8.16721, 7.12484, -0.904411, 1.06934e-05
7.12434, -0.904, 1.0693e-05, 7.12484, 6.37075, -0.783813, 1.34794e-05
-0.904397, 1.40313, -3.67952e-06, -0.904411, -0.783813, 0.969062, -4.24493e-06
1.0693e-05, -3.67951e-06, 1.23532, 1.06934e-05, 1.34794e-05, -4.24493e-06, 0.827408
-0.95,1.63363,0,0,0,0,0
8.13439, -1.08496, -0.236115, 8.15027, 7.1, -0.900624, -0.382128
-1.08496, 7.29291, 0.0123825, -1.08561, -0.900228, 1.39906, 0.0577949
-0.236115, 0.0123825, 4.64924, -0.525675, -0.382128, 0.0578638, 1.2477
8.15027, -1.08561, -0.525675, 8.16721, 7.11049, -0.902489, -0.459826
7.1, -0.900228, -0.382128, 7.11049, 6.34828, -0.780551, -0.357661
-0.900624, 1.39906, 0.0578638, -0.902489, -0.780551, 0.96842, 0.0510265
-0.382128, 0.0577949, 1.2477, -0.459826, -0.357661, 0.0510265, 0.850516
-0.95,1.69646,0,0,0,0,0
8.08961, -1.07597, -0.458517, 8.09967, 7.02747, -0.889414, -0.7572
-1.07597, 7.16944, 0.0796698, -1.07869, -0.889023, 1.39416, 0.114486
-0.458517, 0.0796698, 4.76955, -1.04823, -0.7572, 0.114587, 1.32
8.09967, -1.07869, -1.04823, 8.1672, 7.06747, -0.896758, -0.916872
7.02747, -0.889023, -0.7572, 7.06747, 6.28126, -0.770825, -0.70947
-0.889414, 1.39416, 0.114587, -0.896758, -0.770825, 0.966515, 0.101147
-0.7572, 0.114486, 1.32, -0.916872, -0.70947, 0.101147, 0.919433
-0.95,1.75929,0,0,0,0,0
8.01742, -1.05145, -0.662369, 8.0148, 6.90811, -0.870646, -1.11901
-1.05145, 6.70493, 0.155543, -1.06269, -0.870268, 1.3875, 0.170002
-0.662369, 0.155543, 4.96257, -1.57154, -1.11901, 0.170036, 1.44337
8.0148, -1.06269, -1.57154, 8.16734, 6.99595, -0.887061, -1.36992
6.90811, -0.870268, -1.11901, 6.99595, 6.17084, -0.754821, -1.0496
-0.870646, 1.3875, 0.170036, -0.887061, -0.754821, 0.963272, 0.149491
-1.11901, 0.170002, 1.44337, -1.36992, -1.0496, 0.149491, 1.03323
-0.95,1.82212,0,0,0,0,0
7.92384, -1.02685, -0.845101, 7.89892, 6.74391, -0.845143, -1.46247
-1.02685, 6.89365, 0.230321, -1.05148, -0.844784, 1.38253, 0.223425
-0.845101, 0.230321, 5.09874, -2.0764, -1.46247, 0.223327, 1.60862
7.89892, -1.05148, -2.0764, 8.16717, 6.89627, -0.874085, -1.81686
